100	186.05237
100.47426	167.27234
100.94851	183.32797
101.42277	169.49631
101.89702	172.52383
102.37128	165.12788
102.84553	171.32199
103.31979	179.46278
103.79404	182.06119
104.2683	183.46204
104.74255	186.46172
105.2168	197.09615
105.69106	202.06192
106.16531	186.01062
106.63956	187.36354
107.11382	176.53053
107.58807	169.94914
108.06233	166.3288
108.53658	160.35434
109.01084	157.89493
109.48509	160.40863
109.95935	158.39738
110.4336	162.23938
110.90786	161.62001
111.38211	157.57516
111.85637	147.87436
112.33062	154.57863
112.80488	157.69597
113.27913	159.23929
113.75339	162.45602
114.22765	166.11783
114.7019	169.96747
115.17616	173.72165
115.65041	172.34895
116.12466	165.29515
116.59892	155.66028
117.07317	155.2522
117.54742	159.45164
118.02168	162.25578
118.49593	158.18033
118.97019	157.44968
119.44444	159.57314
119.9187	158.03777
120.39295	167.27849
120.86721	164.49715
121.34146	170.18059
121.81572	174.13123
122.28997	175.1861
122.76423	163.05249
123.23848	156.4841
123.71274	155.1962
124.18699	154.84714
124.66125	154.41492
125.1355	153.8728
125.60976	156.17433
126.08401	159.27675
126.55827	160.18344
127.03252	159.51797
127.50677	160.39555
127.98103	162.66708
128.45529	160.64926
128.92953	162.92471
129.40379	168.65509
129.87805	171.49104
130.35231	170.81798
130.82655	164.7186
131.30081	157.37808
131.77507	163.4261
132.24933	161.98233
132.72357	154.48524
133.19783	154.81638
133.67209	156.49934
134.14635	160.63741
134.62059	163.20549
135.09485	164.91483
135.56911	167.36482
136.04337	158.94202
136.51761	166.27754
136.99187	162.58037
137.46613	180.72707
137.94038	180.27098
138.41463	185.63551
138.88889	177.81107
139.36314	172.29091
139.8374	173.53848
140.31165	174.28915
140.7859	174.89404
141.26016	174.91772
141.73442	168.9362
142.20868	176.87306
142.68292	178.76312
143.15718	171.368
143.63144	166.85291
144.1057	164.41228
144.57994	171.65546
145.0542	173.29726
145.52846	172.65527
146.00272	181.6591
146.47696	182.55692
146.95122	182.11772
147.42548	181.25249
147.89973	181.0826
148.37398	175.03523
148.84824	173.32649
149.32249	174.86218
149.79675	172.61308
150.271	175.87883
150.74525	180.99187
151.21951	179.56961
151.69377	177.53641
152.16801	174.13191
152.64227	179.19801
153.11653	182.16522
153.59079	187.48413
154.06505	186.75726
154.53929	184.218
155.01355	179.15315
155.48781	184.52414
155.96207	186.06883
156.43631	180.33501
156.91057	181.7352
157.38483	179.64236
157.85909	188.68967
158.33333	197.3567
158.80759	180.33195
159.28185	179.00391
159.7561	187.73419
160.23035	188.94283
160.70461	193.99809
161.17886	192.82561
161.65312	190.17628
162.12737	196.75064
162.60162	196.19748
163.07588	187.84233
163.55014	201.72311
164.02438	195.2485
164.49864	188.09753
164.9729	194.47707
165.44716	186.93031
165.9214	190.75566
166.39566	197.8726
166.86992	196.51155
167.34418	188.48708
167.81844	186.17851
168.29268	196.35611
168.76694	191.2442
169.2412	188.84317
169.71545	191.42525
170.1897	185.67407
170.66396	189.60396
171.13821	193.62198
171.61247	190.99168
172.08672	187.91492
172.56097	187.49422
173.03523	186.70822
173.50949	186.75522
173.98373	191.10829
174.45799	188.11755
174.93225	189.39369
175.40651	200.79419
175.88075	194.77908
176.35501	202.22232
176.82927	205.41179
177.30353	205.3909
177.77777	209.86528
178.25203	213.7599
178.72629	208.24832
179.20055	197.74707
179.67479	192.54555
180.14905	191.60959
180.62331	204.03877
181.09756	192.14063
181.57182	189.17287
182.04607	188.82288
182.52032	195.75862
182.99458	195.84668
183.46884	197.17123
183.94308	198.51758
184.41734	196.77103
184.8916	203.11446
185.36586	204.32657
185.8401	191.20198
186.31436	191.42876
186.78862	192.9743
187.26288	199.46555
187.73712	201.28287
188.21138	208.74478
188.68564	203.71127
189.1599	202.23589
189.63414	206.11154
190.1084	204.09717
190.58266	204.81352
191.05692	206.24866
191.53116	208.30791
192.00542	207.9171
192.47968	209.69286
192.95393	209.59093
193.42818	205.84308
193.90244	209.86986
194.37669	220.91418
194.85095	222.54179
195.32521	217.13669
195.79945	217.93225
196.27371	222.60001
196.74797	224.4341
197.22223	231.11668
197.69647	235.12778
198.17073	238.60793
198.64499	227.22238
199.11925	225.84067
199.59349	240.2887
200.06775	239.91151
200.54201	233.96518
201.01627	231.14845
201.49051	230.52946
201.96477	237.04153
202.43903	245.9826
202.91328	238.21089
203.38753	247.97722
203.86179	244.72473
204.33604	249.27884
204.8103	252.97197
205.28455	240.38651
205.7588	241.71805
206.23306	235.88644
206.70732	235.12146
207.18156	242.36372
207.65582	244.021
208.13008	246.91071
208.60434	241.33032
209.0786	250.1478
209.55284	254.36603
210.0271	245.08295
210.50136	259.12787
210.97562	249.65994
211.44986	247.28444
211.92412	246.85257
212.39838	243.72511
212.87263	240.92496
213.34688	236.58284
213.82114	235.23706
214.29539	247.78012
214.76965	247.25323
215.2439	250.39641
215.71815	252.68533
216.19241	251.45717
216.66667	248.89226
217.14091	249.84332
217.61517	252.75995
218.08943	258.58954
218.56369	253.25648
219.03793	248.76607
219.51219	257.85226
219.98645	259.22369
220.46071	251.20615
220.93495	255.75096
221.40921	253.30048
221.88347	247.87315
222.35773	256.85281
222.83199	261.92072
223.30623	264.43713
223.78049	264.10776
224.25475	259.84006
224.729	256.76224
225.20325	261.09344
225.67751	269.36063
226.15176	272.2117
226.62602	271.39658
227.10027	275.05252
227.57452	295.36096
228.04878	275.14737
228.52304	282.66513
228.99728	282.43408
229.47154	276.80069
229.9458	286.35242
230.42006	288.33118
230.8943	290.82062
231.36856	293.43076
231.84282	285.6351
232.31708	289.953
232.79132	300.31665
233.26558	303.98718
233.73984	306.16159
234.2141	301.25266
234.68835	298.71884
235.1626	298.72827
235.63686	296.21393
236.11111	291.78271
236.58537	300.85602
237.05962	302.40997
237.53387	296.48862
238.00813	300.65881
238.48239	297.87311
238.95663	290.54889
239.43089	300.48654
239.90515	293.27798
240.37941	310.27338
240.85365	299.40192
241.32791	296.51358
241.80217	298.39728
242.27643	302.96057
242.75067	302.70239
243.22493	301.70316
243.69919	301.86722
244.17345	299.74207
244.64769	294.96088
245.12195	288.63864
245.59621	293.7731
246.07047	300.6897
246.54471	282.09537
247.01897	288.3732
247.49323	290.72147
247.96748	297.55392
248.44174	288.42072
248.91599	283.89441
249.39024	289.42163
249.8645	286.4837
250.33876	277.7796
250.813	277.14346
251.28726	276.34357
251.76152	286.59094
252.23578	282.11682
252.71002	283.38287
253.18428	268.57813
253.65854	279.41696
254.1328	281.33682
254.60704	273.93112
255.0813	274.74323
255.55556	277.19885
256.02982	275.99265
256.50406	278.60547
256.97833	285.8909
257.45258	285.46402
257.92682	273.36966
258.40109	266.04855
258.87534	295.71167
259.34958	276.5737
259.82385	257.21936
260.2981	266.84326
260.77237	271.54474
261.24661	264.70847
261.72086	257.0726
262.19513	259.91949
262.66937	262.1319
263.14365	265.16992
263.61789	275.00754
264.09213	271.939
264.56641	263.44077
265.04065	264.79874
265.51489	253.95334
265.98917	260.35941
266.46341	250.38571
266.93768	267.01053
267.41193	270.19849
267.88617	266.58282
268.36044	259.71609
268.83469	254.04044
269.30893	251.95058
269.7832	251.43604
270.25745	249.85437
270.73172	247.56874
271.20596	248.72641
271.68021	250.31459
272.15448	247.1711
272.62872	251.142
273.10297	247.09471
273.57724	253.6947
274.05148	247.40604
274.52576	243.55486
275	243.19276
275.47424	252.39136
275.94852	251.87315
276.42276	250.43367
276.89703	259.30505
277.37128	247.03366
277.84552	248.75441
278.31979	242.82193
278.79404	245.99391
279.26828	250.04816
279.74255	254.51492
280.2168	252.43581
280.69107	251.55124
281.16531	253.79216
281.63956	251.2764
282.11383	253.33482
282.58807	252.03381
283.06232	244.32359
283.53659	243.37926
284.01083	251.43372
284.48511	257.54019
284.95935	239.99496
285.43359	255.98473
285.90787	252.83167
286.38211	243.36534
286.85635	259.83414
287.33063	261.43008
287.80487	268.94888
288.27914	264.7345
288.75339	264.35956
289.22763	265.69986
289.7019	260.26273
290.17615	254.16513
290.65042	253.72841
291.12466	255.4455
291.59891	253.55038
292.07318	274.92474
292.54742	265.76996
293.02167	272.5412
293.49594	286.28357
293.97018	287.43518
294.44446	288.32312
294.9187	288.54388
295.39294	287.89059
295.86722	291.20813
296.34146	296.49426
296.8157	295.16196
297.28998	293.35178
297.76422	301.56854
298.23849	306.31274
298.71274	313.93903
299.18698	320.79807
299.66125	308.63025
300.1355	325.96198
300.60974	336.79736
301.08401	333.20969
301.55826	333.86688
302.03253	328.42902
302.50677	329.91919
302.98102	342.41101
303.45529	349.27463
303.92953	344.79678
304.40381	343.72931
304.87805	350.2417
305.35229	346.88074
305.82657	335.53305
306.30081	350.75009
306.77505	338.91635
307.24933	350.64426
307.72357	347.35086
308.19785	358.96991
308.67209	339.59525
309.14633	341.66119
309.62061	347.7175
310.09485	345.74481
310.56909	336.63397
311.04337	329.82996
311.51761	328.99384
311.99188	322.1774
312.46613	317.0267
312.94037	324.46902
313.41464	307.70459
313.88889	311.2146
314.36313	323.48056
314.8374	309.83652
315.31165	302.17209
315.78592	309.05286
316.26016	303.32416
316.73441	298.09204
317.20868	293.32016
317.68292	282.57025
318.1572	276.40677
318.63144	282.46176
319.10568	285.29324
319.57996	271.59531
320.0542	256.66586
320.52844	261.14957
321.00272	269.57687
321.47696	247.02649
321.95123	256.48297
322.42548	252.74846
322.89972	252.9054
323.37399	256.32343
323.84824	245.34642
324.32248	242.3327
324.79675	246.97705
325.271	247.99748
325.74527	240.41391
326.21951	231.72122
326.69376	234.70023
327.16803	238.62161
327.64227	236.25346
328.11652	230.25958
328.59079	232.51154
329.06503	228.29149
329.53931	220.47595
330.01355	225.08214
330.48779	218.40474
330.96207	213.92316
331.43631	223.00937
331.91058	224.8871
332.38483	215.18298
332.85907	209.64255
333.33334	209.57822
333.80759	208.96516
334.28183	211.11568
334.7561	209.43565
335.23035	210.89273
335.70462	210.41246
336.17886	214.80844
336.65311	194.93121
337.12738	196.47423
337.60162	209.37151
338.07587	198.46587
338.55014	201.28549
339.02438	199.68684
339.49866	197.92319
339.9729	192.89432
340.44714	195.00827
340.92142	202.53143
341.39566	195.40968
341.8699	187.20415
342.34418	196.48802
342.81842	194.98956
343.29269	188.51077
343.76694	201.14255
344.24118	194.71416
344.71545	195.48865
345.1897	195.4174
345.66397	187.84937
346.13821	193.33282
346.61246	196.05939
347.08673	195.77789
347.56097	195.01363
348.03522	196.39786
348.50949	196.40428
348.98373	190.03458
349.45801	186.63651
349.93225	193.01625
350.40649	190.4747
350.88077	189.49759
351.35501	199.91837
351.82925	198.70169
352.30353	188.61581
352.77777	184.04582
353.25204	188.53136
353.72629	187.286
354.20053	184.17979
354.6748	186.98375
355.14905	191.38875
355.62329	197.69391
356.09756	198.39769
356.57181	194.90771
357.04608	196.36638
357.52032	197.80525
357.99457	195.80632
358.46884	193.12883
358.94308	202.24149
359.41736	203.81505
359.8916	203.22124
360.36584	207.51746
360.84012	214.18448
361.31436	213.62326
361.7886	217.99931
362.26288	223.07433
362.73712	221.66992
363.2114	222.32889
363.68564	231.06754
364.15988	238.79813
364.63416	233.51781
365.1084	222.26637
365.58264	222.53702
366.05692	227.91292
366.53116	223.62349
367.00543	233.18976
367.47968	219.91656
367.95392	227.24794
368.42819	233.7885
368.90244	230.73306
369.37671	225.1651
369.85095	229.58353
370.3252	237.15929
370.79947	236.48401
371.27371	233.22377
371.74796	238.62192
372.22223	242.18706
372.69647	245.72096
373.17075	248.88664
373.64499	243.51161
374.11923	242.4733
374.59351	238.23569
375.06775	238.17603
375.54199	234.25266
376.01627	237.5338
376.49051	239.05095
376.96478	228.92734
377.43903	213.91391
377.91327	207.75107
378.38754	205.1514
378.86179	209.27472
379.33603	208.70235
379.8103	197.71373
380.28455	191.43283
380.75882	192.46375
381.23306	194.68965
381.70731	194.97017
382.18158	188.59222
382.65582	181.98003
383.1301	185.908
383.60434	183.98914
384.07858	187.57487
384.55286	184.39597
385.0271	180.35875
385.50134	182.16351
385.97562	179.91318
386.44986	181.13913
386.92413	166.34642
387.39838	167.54166
387.87262	173.4825
388.34689	174.58603
388.82114	169.62527
389.29538	166.76926
389.76965	170.91806
390.2439	175.7755
390.71817	173.92871
391.19241	170.59964
391.66666	175.84055
392.14093	172.04375
392.61517	170.60179
393.08942	176.2711
393.56369	164.73128
394.03793	165.18417
394.51221	176.11626
394.98645	175.49608
395.46069	177.1964
395.93497	167.01137
396.40921	166.51462
396.88348	166.93221
397.35773	169.38831
397.83197	173.76929
398.30624	175.74231
398.78049	174.43344
399.25473	172.69849
399.729	175.67105
400.20325	179.22551
400.67752	172.52122
401.15176	171.83444
401.62601	168.58777
402.10028	174.36906
402.57452	172.09538
403.04877	175.78911
403.52304	176.51805
403.99728	179.51286
404.47156	176.68285
404.9458	177.66464
405.42004	179.96159
405.89432	179.33736
406.36856	167.73238
406.8428	168.81879
407.31708	178.84015
407.79132	178.54076
408.26559	175.31448
408.73984	176.38377
409.21408	177.07312
409.68835	175.82179
410.1626	176.76424
410.63687	166.86676
411.11111	171.15785
411.58536	164.65759
412.05963	173.0368
412.53387	186.5107
413.00812	168.38013
413.48239	180.43843
413.95663	181.17175
414.43091	177.54355
414.90515	177.22893
415.37939	177.40417
415.85367	174.61485
416.32791	172.30002
416.80215	173.9156
417.27643	172.00031
417.75067	169.26065
418.22495	177.60196
418.69919	181.59251
419.17343	180.39487
419.64771	188.55856
420.12195	178.19215
420.59619	181.36754
421.07047	173.83917
421.54471	175.45877
422.01898	186.73497
422.49323	181.19778
422.96747	185.71017
423.44174	184.40031
423.91599	177.041
424.39026	178.90378
424.8645	181.21925
425.33875	177.42102
425.81302	176.00294
426.28726	178.21439
426.76151	179.58966
427.23578	184.95662
427.71002	189.72374
428.1843	183.73323
428.65854	184.49226
429.13278	174.7238
429.60706	175.82683
430.0813	182.20512
430.55554	179.49495
431.02982	177.6205
431.50406	180.17766
431.97833	178.07198
432.45258	190.63771
432.92682	187.37076
433.40109	184.10402
433.87534	187.36188
434.34958	184.30769
434.82385	178.52034
435.2981	180.6593
435.77237	186.53307
436.24661	183.80693
436.72086	180.70732
437.19513	184.13298
437.66937	180.24901
438.14365	179.10751
438.61789	184.18274
439.09213	183.79692
439.56641	185.22572
440.04065	182.68466
440.51489	195.66188
440.98917	191.35419
441.46341	186.31549
441.93768	180.96574
442.41193	180.23509
442.88617	176.19557
443.36044	188.22026
443.83469	185.70056
444.30893	194.09293
444.7832	195.67863
445.25745	187.25601
445.73172	179.03346
446.20596	179.22583
446.68021	182.11292
447.15448	182.50716
447.62872	188.29611
448.10297	189.8448
448.57724	183.09567
449.05148	177.25247
449.52576	189.28603
450	190.67239
450.47424	193.45976
450.94852	176.28091
451.42276	192.65076
451.89703	188.45253
452.37128	200.4976
452.84552	186.5737
453.31979	185.79123
453.79404	191.66216
454.26828	194.84692
454.74255	198.98039
455.2168	192.13412
455.69107	187.45483
456.16531	194.37474
456.63956	199.23907
457.11383	197.69012
457.58807	195.30791
458.06232	192.12819
458.53659	188.57547
459.01083	183.1078
459.48511	185.21442
459.95935	185.9691
460.43359	185.4967
460.90787	188.34146
461.38211	191.83954
461.85635	194.21178
462.33063	192.79951
462.80487	190.45659
463.27914	195.17511
463.75339	188.65022
464.22763	198.20081
464.7019	203.33913
465.17615	198.33868
465.65042	197.91995
466.12466	192.77872
466.59891	196.7155
467.07318	201.04121
467.54742	197.37308
468.02167	194.6837
468.49594	199.41664
468.97018	208.02699
469.44446	204.64748
469.9187	203.68001
470.39294	201.81895
470.86722	201.69322
471.34146	196.06775
471.8157	206.67557
472.28998	204.47635
472.76422	201.84663
473.23849	204.3017
473.71274	198.14575
474.18698	194.9778
474.66125	201.64944
475.1355	196.16379
475.60974	201.5074
476.08401	207.46284
476.55826	203.59402
477.03253	207.19075
477.50677	206.94398
477.98102	204.05067
478.45529	202.14938
478.92953	198.00014
479.40381	197.00334
479.87805	202.97514
480.35229	208.32379
480.82657	208.03479
481.30081	207.45647
481.77505	198.0788
482.24933	202.38812
482.72357	202.6815
483.19785	199.95262
483.67209	203.3905
484.14633	206.86963
484.62061	203.17693
485.09485	204.4147
485.56909	198.61229
486.04337	202.93452
486.51761	201.49083
486.99188	204.29855
487.46613	195.35806
487.94037	199.27531
488.41464	197.52141
488.88889	199.51151
489.36313	193.88571
489.8374	197.61012
490.31165	204.77396
490.78592	201.93211
491.26016	202.37224
491.73441	203.65427
492.20868	201.76385
492.68292	199.44751
493.1572	194.43275
493.63144	192.44434
494.10568	195.59962
494.57996	194.33182
495.0542	201.83694
495.52844	185.72139
496.00272	196.67897
496.47696	196.90904
496.95123	192.44284
497.42548	190.78299
497.89972	186.72491
498.37399	192.43636
498.84824	194.79292
499.32248	198.55519
499.79675	196.50732
500.271	201.48083
500.74527	196.50049
501.21951	190.83653
501.69376	188.90732
502.16803	193.1219
502.64227	189.12923
503.11652	185.38306
503.59079	187.13805
504.06503	182.7157
504.53931	186.99419
505.01355	188.23468
505.48779	187.77489
505.96207	196.36996
506.43631	192.13013
506.91058	192.02802
507.38483	192.07671
507.85907	200.06813
508.33334	189.07538
508.80759	197.04024
509.28183	196.54959
509.7561	187.38287
510.23035	196.20111
510.70462	193.91568
511.17886	196.81975
511.65311	197.39699
512.12738	200.15245
512.60162	197.24968
513.07587	202.07297
513.55011	202.72885
514.02441	198.78828
514.49866	194.58711
514.9729	195.6577
515.44714	198.98283
515.92139	201.65872
516.39569	205.15155
516.86993	206.93573
517.34418	202.43706
517.81842	196.86339
518.29266	203.45471
518.76697	207.53484
519.24121	204.29486
519.71545	206.99995
520.1897	208.36993
520.66394	215.50676
521.13818	198.64148
521.61249	194.30388
522.08673	207.47311
522.56097	207.06567
523.03522	203.10323
523.50946	202.07498
523.98376	194.56451
524.45801	194.44965
524.93225	191.70573
525.40649	207.04427
525.88074	203.53711
526.35504	203.83659
526.82928	204.69836
527.30353	200.57999
527.77777	192.27365
528.25201	194.96194
528.72626	195.06662
529.20056	188.58804
529.6748	192.0985
530.14905	195.93961
530.62329	187.50464
531.09753	185.29982
531.57184	192.06059
532.04608	187.61401
532.52032	185.05997
532.99457	181.4346
533.46881	186.90031
533.94312	185.4574
534.41736	180.03181
534.8916	184.30627
535.36584	196.5616
535.84009	181.81561
536.31439	192.55704
536.78864	185.81415
537.26288	194.87148
537.73712	199.8185
538.21136	193.83635
538.68561	196.00008
539.15991	194.67969
539.63416	198.61415
540.1084	203.85408
540.58264	193.8886
541.05688	200.42879
541.53119	198.64798
542.00543	196.12509
542.47968	197.16519
542.95392	189.35617
543.42816	184.18245
543.90247	188.57831
544.37671	183.75276
544.85095	178.4352
545.3252	182.48563
545.79944	181.54633
546.27374	180.64148
546.74799	177.4572
547.22223	181.21754
547.69647	179.24274
548.17072	169.48627
548.64496	175.3343
549.11926	178.10406
549.59351	177.67015
550.06775	186.53528
550.54199	185.11778
551.01624	162.28546
551.49054	180.61139
551.96478	182.99062
552.43903	182.78474
552.91327	167.4856
553.38751	170.30846
553.86182	174.29097
554.33606	177.28595
554.8103	179.13976
555.28455	178.56584
555.75879	178.56335
556.23303	185.78653
556.70734	177.69406
557.18158	178.42099
557.65582	181.81689
558.13007	185.91284
558.60431	192.11552
559.07861	191.09859
559.55286	179.22658
560.0271	173.84039
560.50134	183.63579
560.97559	185.78777
561.44989	183.4782
561.92413	191.77306
562.39838	189.93823
562.87262	184.22794
563.34686	175.31111
563.82117	173.31561
564.29541	180.31035
564.76965	186.47685
565.2439	191.21075
565.71814	197.43231
566.19238	179.71283
566.66669	191.55405
567.14093	190.29124
567.61517	188.83086
568.08942	180.33345
568.56366	196.15694
569.03796	187.05659
569.51221	188.4543
569.98645	187.88026
570.46069	196.23691
570.93494	196.2325
571.40924	198.33165
571.88348	194.72931
572.35773	198.14671
572.83197	205.78647
573.30621	197.17979
573.78052	196.70541
574.25476	193.17822
574.729	187.98355
575.20325	191.23376
575.67749	197.7281
576.15173	202.59404
576.62604	204.82878
577.10028	202.12862
577.57452	200.09164
578.04877	198.76514
578.52301	197.5248
578.99731	202.30359
579.47156	206.52823
579.9458	206.20181
580.42004	203.01604
580.89429	206.88605
581.36859	210.02016
581.84283	212.48611
582.31708	205.70471
582.79132	205.21751
583.26556	216.63788
583.73981	211.59093
584.21411	214.95934
584.68835	201.15497
585.1626	218.35326
585.63684	220.79907
586.11108	217.49036
586.58539	230.16809
587.05963	222.55565
587.53387	222.67352
588.00812	229.07817
588.48236	224.63501
588.95667	229.29257
589.43091	236.57655
589.90515	227.34984
590.37939	230.61647
590.85364	243.8688
591.32794	238.01048
591.80219	232.9109
592.27643	242.63342
592.75067	241.67317
593.22491	242.41095
593.69916	247.22696
594.17346	258.65674
594.64771	264.31705
595.12195	266.00278
595.59619	271.21097
596.07043	275.6394
596.54474	278.01126
597.01898	285.82562
597.49323	289.31833
597.96747	287.18469
598.44171	297.3093
598.91602	303.78467
599.39026	308.41855
599.8645	319.65201
600.33875	316.69635
600.81299	316.53854
601.28729	314.14835
601.76154	326.82263
602.23578	338.01062
602.71002	333.90338
603.18427	347.95844
603.65851	355.15024
604.13281	376.57895
604.60706	372.95569
605.0813	361.2532
605.55554	387.42984
606.02979	376.35614
606.50409	395.17865
606.97833	403.37308
607.45258	410.28372
607.92682	421.84833
608.40106	421.79324
608.87537	440.85138
609.34961	446.56052
609.82385	451.70065
610.2981	459.61453
610.77234	480.80292
611.24658	489.99902
611.72089	491.74338
612.19513	500.10013
612.66937	505.55957
613.14362	495.1842
613.61786	530.17371
614.09216	523.18152
614.56641	522.93219
615.04065	534.27087
615.51489	542.83966
615.98914	536.36621
616.46344	536.38281
616.93768	540.0459
617.41193	545.79547
617.88617	544.38293
618.36041	526.24084
618.83472	516.35126
619.30896	508.86273
619.7832	508.13412
620.25745	498.15283
620.73169	488.03461
621.20593	496.4863
621.68024	488.38367
622.15448	483.62994
622.62872	485.70041
623.10297	466.9798
623.57721	456.45267
624.05151	459.81403
624.52576	444.70712
625	431.74503
625.47424	437.71005
625.94849	435.4613
626.42279	450.61862
626.89703	448.8598
627.37128	436.91162
627.84552	428.0752
628.31976	439.34836
628.79407	435.4942
629.26831	423.95502
629.74255	414.18677
630.2168	421.0051
630.69104	417.93188
631.16528	412.49036
631.63959	399.4957
632.11383	400.17706
632.58807	409.48019
633.06232	412.2991
633.53656	393.14175
634.01086	396.43167
634.48511	391.36942
634.95935	390.79437
635.43359	393.25641
635.90784	386.22223
636.38214	382.67694
636.85638	372.11124
637.33063	365.96295
637.80487	367.8201
638.27911	361.55219
638.75342	355.0672
639.22766	355.49847
639.7019	345.81125
640.17615	335.70386
640.65039	326.27759
641.12463	322.27335
641.59894	318.74411
642.07318	319.00128
642.54742	334.88705
643.02167	303.63843
643.49591	309.50201
643.97021	308.47327
644.44446	335.6456
644.9187	310.62521
645.39294	323.03473
645.86719	318.49832
646.34149	316.48654
646.81573	326.66235
647.28998	324.59924
647.76422	348.79083
648.23846	340.04922
648.71271	330.90518
649.18701	331.34406
649.66125	338.47559
650.1355	364.67453
650.60974	369.4823
651.08398	369.83353
651.55829	382.86975
652.03253	396.29791
652.50677	407.38559
652.98102	409.939
653.45526	415.50955
653.92957	423.87988
654.40381	423.47327
654.87805	435.34338
655.35229	448.64243
655.82654	449.3645
656.30084	458.03162
656.77509	468.49127
657.24933	452.07217
657.72357	465.67468
658.19781	476.18652
658.67206	460.59729
659.14636	472.1275
659.62061	466.77237
660.09485	452.68842
660.56909	463.1517
661.04333	446.57581
661.51764	424.88507
661.99188	428.88397
662.46613	415.35059
662.94037	422.7793
663.41461	403.14063
663.88892	400.20563
664.36316	405.9567
664.8374	386.82544
665.31165	393.02426
665.78589	387.14053
666.26019	372.61035
666.73444	353.95538
667.20868	347.38373
667.68292	351.02817
668.15717	338.71304
668.63141	334.68356
669.10571	333.58047
669.57996	328.48676
670.0542	312.45398
670.52844	299.81989
671.00269	298.21231
671.47699	288.95233
671.95123	280.08029
672.42548	280.25137
672.89972	275.64108
673.37396	273.88232
673.84827	276.80957
674.32251	271.60275
674.79675	262.33395
675.271	249.86267
675.74524	249.18645
676.21948	247.20049
676.69379	238.09462
677.16803	237.91173
677.64227	242.90089
678.11652	239.78537
678.59076	227.19766
679.06506	221.99091
679.53931	221.7075
680.01355	210.98515
680.48779	203.64708
680.96204	216.18225
681.43634	220.79379
681.91058	201.09023
682.38483	210.14728
682.85907	200.27963
683.33331	192.26375
683.80762	193.71391
684.28186	194.52974
684.7561	198.34726
685.23035	186.09409
685.70459	187.09782
686.17883	185.43843
686.65314	183.64659
687.12738	185.74606
687.60162	179.0237
688.07587	181.7204
688.55011	191.95331
689.02441	185.7421
689.49866	172.23286
689.9729	168.74036
690.44714	167.12488
690.92139	169.88206
691.39569	172.9426
691.86993	175.33472
692.34418	170.29294
692.81842	166.06349
693.29266	171.08911
693.76697	168.6572
694.24121	164.61066
694.71545	163.77231
695.1897	158.83929
695.66394	161.63196
696.13818	167.44402
696.61249	168.84267
697.08673	165.47467
697.56097	161.57411
698.03522	157.61894
698.50946	157.86024
698.98376	159.00343
699.45801	158.28137
699.93225	158.16403
700.40649	153.44594
700.88074	152.8486
701.35504	155.36224
701.82928	151.31845
702.30353	151.26257
702.77777	151.57283
703.25201	148.54913
703.72626	153.01186
704.20056	150.90759
704.6748	153.30084
705.14905	162.70715
705.62329	160.1275
706.09753	155.04457
706.57184	154.67592
707.04608	154.45277
707.52032	156.72478
707.99457	150.66005
708.46881	161.36314
708.94312	166.8967
709.41736	156.83778
709.8916	152.40036
710.36584	150.83406
710.84009	151.41263
711.31439	148.04085
711.78864	156.3708
712.26288	150.98244
712.73712	148.48218
713.21136	148.98122
713.68561	146.34218
714.15991	146.69868
714.63416	151.06088
715.1084	153.67764
715.58264	150.18091
716.05688	143.1888
716.53119	147.31583
717.00543	147.22313
717.47968	149.87538
717.95392	150.17252
718.42816	148.04977
718.90247	148.90736
719.37671	151.22212
719.85095	150.53761
720.3252	146.26065
720.79944	152.14284
721.27374	154.77036
721.74799	145.01607
722.22223	146.13696
722.69647	153.70564
723.17072	147.91525
723.64496	144.71074
724.11926	143.93286
724.59351	148.65361
725.06775	146.36505
725.54199	139.98091
726.01624	152.95432
726.49054	148.36969
726.96478	145.36697
727.43903	144.86147
727.91327	155.25165
728.38751	158.10115
728.86182	153.23293
729.33606	155.08073
729.8103	157.11693
730.28455	158.12491
730.75879	164.87181
731.23303	160.4333
731.70734	159.57529
732.18158	162.57898
732.65582	142.56438
733.13007	152.61906
733.60431	154.40245
734.07861	155.5464
734.55286	155.46887
735.0271	145.19589
735.50134	147.13974
735.97559	146.46249
736.44989	159.93568
736.92413	152.17805
737.39838	152.95613
737.87262	164.86093
738.34686	149.78987
738.82117	143.09264
739.29541	144.52223
739.76965	152.25137
740.2439	157.3522
740.71814	151.89909
741.19238	155.91443
741.66669	156.66074
742.14093	158.44669
742.61517	153.95551
743.08942	155.08347
743.56366	152.05986
744.03796	148.209
744.51221	152.1015
744.98645	151.20074
745.46069	145.3287
745.93494	148.14748
746.40924	142.67278
746.88348	145.38007
747.35773	152.51961
747.83197	149.88141
748.30621	151.9055
748.78052	148.48459
749.25476	146.33621
749.729	145.94614
750.20325	154.13269
750.67749	149.82883
751.15173	145.94391
751.62604	148.47975
752.10028	154.53574
752.57452	149.95625
753.04877	143.95415
753.52301	148.15392
753.99731	156.55376
754.47156	157.42119
754.9458	150.14427
755.42004	147.65282
755.89429	148.91692
756.36859	152.21341
756.84283	153.39659
757.31708	155.85216
757.79132	158.04887
758.26556	159.29268
758.73981	154.53194
759.21411	149.00247
759.68835	154.0533
760.1626	158.30547
760.63684	157.54492
761.11108	150.17639
761.58539	146.92946
762.05963	162.10464
762.53387	157.23886
763.00812	153.53845
763.48236	165.32948
763.95667	160.45337
764.43091	155.71342
764.90515	153.06805
765.37939	152.47884
765.85364	148.96039
766.32794	150.17899
766.80219	158.92963
767.27643	146.84839
767.75067	160.72116
768.22491	150.70692
768.69916	144.19931
769.17346	147.32137
769.64771	144.48358
770.12195	154.45769
770.59619	151.70526
771.07043	141.7917
771.54474	156.72098
772.01898	159.30736
772.49323	155.99556
772.96747	155.93311
773.44171	155.7995
773.91602	144.94061
774.39026	149.41087
774.8645	156.05682
775.33875	151.95827
775.81299	160.3214
776.28729	145.97623
776.76154	149.14789
777.23578	152.31619
777.71002	154.00439
778.18427	151.9216
778.65851	159.63062
779.13281	153.52435
779.60706	158.6521
780.0813	157.23843
780.55554	156.0797
781.02979	163.16397
781.50409	152.69324
781.97833	155.32822
782.45258	167.43828
782.92682	155.97826
783.40106	152.69019
783.87537	165.08029
784.34961	165.48848
784.82385	165.58115
785.2981	165.98917
785.77234	165.62497
786.24658	164.44821
786.72089	172.09236
787.19513	165.42688
787.66937	175.13268
788.14362	172.84442
788.61786	175.48581
789.09216	181.36304
789.56641	164.98378
790.04065	175.96167
790.51489	176.62315
790.98914	183.75543
791.46344	189.84296
791.93768	190.13429
792.41193	190.86523
792.88617	190.73621
793.36041	194.81989
793.83472	204.36902
794.30896	203.46707
794.7832	194.83687
795.25745	200.66693
795.73169	205.00421
796.20593	201.7516
796.68024	212.65767
797.15448	201.88335
797.62872	196.78412
798.10297	202.54512
798.57721	219.07785
799.05151	212.81342
799.52576	210.41058
800	214.10602
800.47424	209.78397
800.94849	204.75925
801.42279	205.0499
801.89703	216.65971
802.37128	210.72314
802.84552	213.77937
803.31976	212.54642
803.79407	215.1113
804.26831	211.22191
804.74255	210.17986
805.2168	212.33578
805.69104	213.8891
806.16528	210.08011
806.63959	207.88028
807.11383	208.12112
807.58807	205.49324
808.06232	197.14087
808.53656	192.48132
809.01086	206.21973
809.48511	210.78543
809.95935	207.67291
810.43359	211.19557
810.90784	207.87253
811.38214	216.92426
811.85638	200.97887
812.33063	203.18164
812.80487	214.39056
813.27911	202.59686
813.75342	204.65346
814.22766	205.66641
814.7019	222.09604
815.17615	217.64702
815.65039	210.12767
816.12463	211.72197
816.59894	204.12393
817.07318	223.4823
817.54742	221.04959
818.02167	215.95737
818.49591	225.62021
818.97021	230.83542
819.44446	227.76363
819.9187	216.43135
820.39294	224.98088
820.86719	225.54944
821.34149	223.92102
821.81573	225.76755
822.28998	230.56873
822.76422	227.01208
823.23846	226.64955
823.71271	221.25128
824.18701	214.11969
824.66125	208.6871
825.1355	215.1273
825.60974	218.23895
826.08398	219.47427
826.55829	225.95256
827.03253	218.39958
827.50677	217.90732
827.98102	223.61319
828.45526	235.5114
828.92957	219.858
829.40381	218.42279
829.87805	216.40054
830.35229	222.26953
830.82654	224.95708
831.30084	229.35307
831.77509	219.756
832.24933	220.46095
832.72357	219.98727
833.19781	219.88145
833.67206	227.52556
834.14636	215.42659
834.62061	210.80807
835.09485	204.77695
835.56909	213.97781
836.04333	214.56369
836.51764	214.09402
836.99188	215.10951
837.46613	211.89714
837.94037	228.06798
838.41461	229.18501
838.88892	223.74074
839.36316	228.53189
839.8374	220.9095
840.31165	231.26097
840.78589	228.1799
841.26019	217.37186
841.73444	214.67491
842.20868	212.59157
842.68292	226.01572
843.15717	229.73495
843.63141	232.65086
844.10571	224.2718
844.57996	222.59732
845.0542	216.38989
845.52844	206.53172
846.00269	222.06879
846.47699	214.88646
846.95123	211.44617
847.42548	224.08659
847.89972	225.50792
848.37396	218.29799
848.84827	221.39534
849.32251	224.8551
849.79675	223.15955
850.271	213.6609
850.74524	221.48093
851.21948	220.30008
851.69379	221.38326
852.16803	216.51929
852.64227	223.0377
853.11652	225.50392
853.59076	220.24924
854.06506	212.75232
854.53931	216.24797
855.01355	218.00887
855.48779	214.00774
855.96204	212.85179
856.43634	220.62094
856.91058	209.20505
857.38483	226.14424
857.85907	214.30717
858.33331	217.12521
858.80762	218.16756
859.28186	212.89539
859.7561	216.77814
860.23035	214.50722
860.70459	214.05003
861.17883	220.64442
861.65314	216.80551
862.12738	210.85312
862.60162	224.70058
863.07587	226.73059
863.55011	218.3866
864.02441	219.31223
864.49866	222.40572
864.9729	217.64188
865.44714	221.79674
865.92139	216.84665
866.39569	224.07922
866.86993	206.09949
867.34418	225.22966
867.81842	220.34671
868.29266	230.75473
868.76697	225.25363
869.24121	216.14186
869.71545	219.39807
870.1897	231.19118
870.66394	225.48572
871.13818	223.91219
871.61249	226.72659
872.08673	220.89639
872.56097	238.69421
873.03522	230.319
873.50946	234.17688
873.98376	237.00136
874.45801	227.89139
874.93225	234.62067
875.40649	240.00972
875.88074	247.95557
876.35504	242.66106
876.82928	239.48712
877.30353	244.92783
877.77777	251.22224
878.25201	261.47098
878.72626	254.41331
879.20056	242.99518
879.6748	250.18413
880.14905	257.93286
880.62329	255.20155
881.09753	251.31993
881.57184	249.56865
882.04608	244.36473
882.52032	251.45145
882.99457	256.70865
883.46881	262.66299
883.94312	258.36389
884.41736	262.04657
884.8916	271.54263
885.36584	280.68549
885.84009	272.80914
886.31439	272.70322
886.78864	278.25912
887.26288	291.99667
887.73712	294.7482
888.21136	288.75888
888.68561	290.40994
889.15991	295.5816
889.63416	299.78369
890.1084	301.38281
890.58264	304.06799
891.05688	302.76593
891.53119	310.32025
892.00543	310.03326
892.47968	309.82471
892.95392	311.0224
893.42816	307.5899
893.90247	309.314
894.37671	319.11148
894.85095	324.75562
895.3252	332.96277
895.79944	332.03775
896.27374	328.0997
896.74799	330.35278
897.22223	325.81671
897.69647	333.74585
898.17072	344.46262
898.64496	336.38882
899.11926	333.19476
899.59351	338.16617
900.06775	346.1557
900.54199	356.90649
901.01624	369.21796
901.49054	376.00266
901.96478	367.33636
902.43903	373.22101
902.91327	376.72833
903.38751	392.49646
903.86182	392.50775
904.33606	397.69565
904.8103	398.23523
905.28455	404.11597
905.75879	400.62103
906.23303	406.75565
906.70734	415.64087
907.18158	409.37817
907.65582	415.69321
908.13007	410.83762
908.60431	382.00986
909.07861	417.95209
909.55286	413.08585
910.0271	429.42664
910.50134	404.5238
910.97559	399.4462
911.44989	400.42215
911.92413	406.44379
912.39838	396.94711
912.87262	391.67264
913.34686	384.81918
913.82117	391.64172
914.29541	391.45483
914.76965	395.0517
915.2439	385.37103
915.71814	382.57004
916.19238	371.35999
916.66669	368.76477
917.14093	373.27884
917.61517	384.04733
918.08942	374.13763
918.56366	370.23615
919.03796	375.13626
919.51221	376.53326
919.98645	367.20563
920.46069	365.97433
920.93494	357.98477
921.40924	350.10461
921.88348	357.44519
922.35773	359.94327
922.83197	355.53442
923.30621	350.07269
923.78052	348.15125
924.25476	353.58185
924.729	351.44757
925.20325	348.99747
925.67749	356.81299
926.15173	354.17218
926.62604	348.31042
927.10028	347.24228
927.57452	333.06024
928.04877	332.77768
928.52301	333.84967
928.99731	330.73245
929.47156	327.01526
929.9458	330.63965
930.42004	330.94641
930.89429	332.9798
931.36859	313.9668
931.84283	308.92722
932.31708	311.15244
932.79132	309.94931
933.26556	304.76767
933.73981	294.77353
934.21411	299.80402
934.68835	294.45615
935.1626	298.28027
935.63684	292.65338
936.11108	292.9422
936.58539	273.29776
937.05963	272.82974
937.53387	286.23331
938.00812	262.82974
938.48236	269.33777
938.95667	260.96674
939.43091	256.72397
939.90515	252.96973
940.37939	255.09703
940.85364	250.20374
941.32794	255.78362
941.80219	249.96132
942.27643	243.00931
942.75067	252.58876
943.22491	258.41156
943.69916	243.96751
944.17346	248.5007
944.64771	247.14012
945.12195	243.62212
945.59619	244.80893
946.07043	242.07237
946.54474	235.67905
947.01898	239.10243
947.49323	244.68352
947.96747	253.28079
948.44171	258.19443
948.91602	249.38811
949.39026	247.59718
949.8645	245.99866
950.33875	243.34955
950.81299	243.82118
951.28729	233.57118
951.76154	234.81068
952.23578	244.7794
952.71002	248.79738
953.18427	247.26161
953.65851	237.67244
954.13281	242.82347
954.60706	241.72604
955.0813	232.79768
955.55554	243.46085
956.02979	240.01524
956.50409	226.62358
956.97833	236.97699
957.45258	243.81891
957.92682	236.66003
958.40106	235.72368
958.87537	247.7226
959.34961	240.31473
959.82385	233.66461
960.2981	233.36621
960.77234	223.65132
961.24658	226.13396
961.72089	220.64766
962.19513	234.92755
962.66937	216.63327
963.14362	219.97226
963.61786	228.67349
964.09216	218.198
964.56641	221.09038
965.04065	220.09909
965.51489	221.74518
965.98914	219.99829
966.46344	212.58383
966.93768	207.45047
967.41193	211.45403
967.88617	216.67354
968.36041	210.6875
968.83472	208.81819
969.30896	212.19804
969.7832	215.35635
970.25745	212.23145
970.73169	213.67615
971.20593	215.86763
971.68024	217.10011
972.15448	208.2928
972.62872	209.99684
973.10297	208.74802
973.57721	197.9946
974.05151	206.42918
974.52576	215.94286
975	209.11967
975.47424	211.21034
975.94849	203.50337
976.42279	207.30576
976.89703	208.73041
977.37128	210.64568
977.84552	206.26157
978.31976	208.11594
978.79407	199.34619
979.26831	204.49348
979.74255	190.51712
980.2168	202.94795
980.69104	203.90463
981.16528	194.70088
981.63959	190.86017
982.11383	197.48572
982.58807	200.06157
983.06232	194.60619
983.53656	191.5298
984.01086	195.87517
984.48511	198.05605
984.95935	204.35123
985.43359	201.50484
985.90784	205.35353
986.38214	206.76958
986.85638	207.37177
987.33063	202.79504
987.80487	203.77682
988.27911	202.34116
988.75342	203.54727
989.22766	197.76602
989.7019	194.6541
990.17615	196.16805
990.65039	205.24409
991.12463	204.25285
991.59894	212.12445
992.07318	209.84634
992.54742	205.43217
993.02167	210.38898
993.49591	198.6617
993.97021	197.21779
994.44446	196.65744
994.9187	199.86807
995.39294	210.80914
995.86719	206.57521
996.34149	197.11394
996.81573	209.2377
997.28998	214.49307
997.76422	202.28973
998.23846	211.82578
998.71271	216.27144
999.18701	202.48761
999.66125	210.76218
1000.1355	202.80504
1000.6097	197.51231
1001.084	198.84073
1001.5583	197.52148
1002.0325	204.42905
1002.5068	198.34131
1002.981	202.68602
1003.4553	196.41483
1003.9296	194.86728
1004.4038	194.42468
1004.8781	196.91232
1005.3523	197.32935
1005.8265	195.7838
1006.3008	195.41025
1006.7751	196.43883
1007.2493	195.4987
1007.7236	193.31268
1008.1978	187.67027
1008.6721	198.33899
1009.1464	193.04514
1009.6206	187.88881
1010.0948	183.02087
1010.5691	186.22144
1011.0433	180.29535
1011.5176	185.17276
1011.9919	183.74997
1012.4661	178.21205
1012.9404	183.55128
1013.4146	191.0154
1013.8889	184.04266
1014.3632	181.43886
1014.8374	180.82634
1015.3116	180.91408
1015.7859	189.35014
1016.2602	182.621
1016.7344	189.14836
1017.2087	183.97314
1017.6829	187.39948
1018.1572	180.93329
1018.6314	176.56001
1019.1057	181.80014
1019.58	176.1194
1020.0542	181.41054
1020.5284	185.79932
1021.0027	185.37645
1021.477	179.69183
1021.9512	178.68596
1022.4255	182.11197
1022.8997	182.08722
1023.374	184.65561
1023.8483	171.21204
1024.3225	173.75961
1024.7968	166.47351
1025.271	175.21538
1025.7452	180.3463
1026.2195	175.842
1026.6937	181.43884
1027.168	170.17021
1027.6423	168.22292
1028.1166	171.05928
1028.5908	171.57033
1029.0651	175.03937
1029.5393	180.55049
1030.0135	179.78264
1030.4878	178.65381
1030.962	173.14944
1031.4363	172.17874
1031.9105	162.11655
1032.3848	171.77647
1032.8591	174.13686
1033.3334	167.44748
1033.8076	169.47922
1034.2819	170.28088
1034.7561	173.58699
1035.2303	169.80884
1035.7046	164.37863
1036.1788	166.41389
1036.6531	161.58949
1037.1273	169.43456
1037.6017	168.28763
1038.0759	164.86484
1038.5502	153.82993
1039.0244	160.99055
1039.4987	171.71788
1039.9729	176.20059
1040.4471	164.15865
1040.9214	166.39136
1041.3956	163.38007
1041.8699	167.66092
1042.3441	172.46089
1042.8185	169.13704
1043.2927	169.79343
1043.767	165.8141
1044.2412	166.02345
1044.7155	163.7314
1045.1897	157.92032
1045.6639	156.24014
1046.1382	164.13112
1046.6124	167.24699
1047.0867	163.43704
1047.561	159.67804
1048.0353	160.40047
1048.5095	163.22418
1048.9838	158.3477
1049.458	157.48624
1049.9323	152.58769
1050.4065	154.74063
1050.8807	161.68866
1051.355	154.92714
1051.8292	152.81268
1052.3035	166.84879
1052.7778	165.48741
1053.2521	162.33215
1053.7263	152.46136
1054.2006	158.45357
1054.6748	160.16832
1055.149	155.5305
1055.6233	157.9445
1056.0975	160.0047
1056.5718	154.85333
1057.046	153.20647
1057.5204	159.23517
1057.9946	157.78166
1058.4689	156.23781
1058.9431	156.53073
1059.4174	155.01332
1059.8916	154.28346
1060.3658	150.75348
1060.8401	150.69629
1061.3143	157.97472
1061.7886	155.55296
1062.2628	157.45073
1062.7372	147.96991
1063.2114	145.54791
1063.6857	146.07968
1064.1599	159.4099
1064.6342	148.65895
1065.1084	148.4787
1065.5826	155.84134
1066.0569	148.64334
1066.5311	142.35493
1067.0054	143.94991
1067.4796	146.69495
1067.954	151.63298
1068.4282	153.24158
1068.9025	155.14044
1069.3767	150.34695
1069.851	149.92667
1070.3252	151.22908
1070.7994	146.55795
1071.2737	150.67682
1071.7479	144.2037
1072.2222	141.74368
1072.6965	141.50645
1073.1708	150.03583
1073.645	143.68399
1074.1193	149.24469
1074.5935	146.6265
1075.0677	146.85527
1075.542	141.21535
1076.0162	142.98236
1076.4905	145.93869
1076.9647	144.6391
1077.439	143.26338
1077.9133	146.26463
1078.3876	147.78287
1078.8618	142.82924
1079.3361	139.82971
1079.8103	140.04799
1080.2845	143.54732
1080.7588	148.64607
1081.233	145.62007
1081.7073	144.36668
1082.1815	145.82832
1082.6559	140.04028
1083.1301	145.12877
1083.6044	152.88283
1084.0786	144.70032
1084.5529	140.95872
1085.0271	142.80052
1085.5013	147.76872
1085.9756	143.84688
1086.4498	136.73184
1086.9241	143.3905
1087.3983	143.25574
1087.8727	141.63127
1088.3469	142.95432
1088.8212	143.00507
1089.2954	127.94688
1089.7697	137.40605
1090.2439	137.75832
1090.7181	139.105
1091.1924	132.98782
1091.6666	138.20247
1092.1409	142.45767
1092.6152	136.55316
1093.0895	138.23309
1093.5637	139.59096
1094.038	139.17235
1094.5122	139.81549
1094.9865	137.2572
1095.4607	133.97963
1095.9349	144.52676
1096.4092	141.08733
1096.8834	134.33496
1097.3577	145.30811
1097.832	141.23633
1098.3063	139.80753
1098.7805	134.18449
1099.2548	138.26247
1099.729	142.62822
1100.2032	142.41106
1100.6775	137.24615
1101.1517	134.41006
1101.626	131.60152
1102.1002	143.14359
1102.5746	138.87492
1103.0488	133.32495
1103.5231	127.91072
1103.9973	134.11171
1104.4716	133.94438
1104.9458	136.82231
1105.42	135.5291
1105.8943	136.50764
1106.3685	135.62425
1106.8428	131.90186
1107.317	129.90588
1107.7914	132.96944
1108.2656	137.05566
1108.7399	132.30032
1109.2141	129.63936
1109.6884	140.93837
1110.1626	139.82329
1110.6368	139.31361
1111.1111	141.36804
1111.5853	139.86255
1112.0596	141.20676
1112.5339	137.38493
1113.0082	138.95699
1113.4824	141.09041
1113.9567	138.14848
1114.4309	132.96368
1114.9052	133.93239
1115.3794	129.8739
1115.8536	132.67905
1116.3279	135.8933
1116.8021	137.28648
1117.2764	129.61026
1117.7507	134.06252
1118.225	136.4044
1118.6992	130.89862
1119.1735	131.20299
1119.6477	134.62695
1120.1219	133.65445
1120.5962	139.94429
1121.0704	137.32224
1121.5447	130.79774
1122.0189	134.30762
1122.4932	139.68082
1122.9675	134.86748
1123.4418	140.38199
1123.916	143.83466
1124.3903	144.36594
1124.8645	139.31906
1125.3387	143.52472
1125.813	142.74757
1126.2872	134.14873
1126.7615	135.74548
1127.2357	128.91684
1127.7101	141.65733
1128.1843	129.61427
1128.6586	134.26413
1129.1328	137.34367
1129.6071	136.72429
1130.0813	132.27621
1130.5555	132.11804
1131.0298	134.22382
1131.504	138.49988
1131.9783	134.13966
1132.4525	135.50497
1132.9269	136.09673
1133.4011	131.48262
1133.8754	141.65085
1134.3496	140.62431
1134.8239	138.20636
1135.2981	141.8887
1135.7723	138.89076
1136.2466	144.07487
1136.7208	144.99455
1137.1951	141.37169
1137.6694	139.80273
1138.1437	128.17055
1138.6179	131.88095
1139.0922	135.34132
1139.5664	142.10788
1140.0406	132.48596
1140.5149	135.76324
1140.9891	129.70619
1141.4634	139.42062
1141.9376	143.49338
1142.4119	140.74454
1142.8862	137.6848
1143.3605	143.89713
1143.8347	142.66135
1144.309	138.17923
1144.7832	139.61263
1145.2574	141.17912
1145.7317	141.69
1146.2059	142.7486
1146.6802	136.36395
1147.1544	135.00311
1147.6288	137.17761
1148.103	133.39699
1148.5773	138.7444
1149.0515	132.11362
1149.5258	139.03452
1150	136.66896
1150.4742	133.89189
1150.9485	138.30022
1151.4227	132.75107
1151.897	138.62613
1152.3712	142.57417
1152.8456	135.72049
1153.3198	137.16574
1153.7941	137.46632
1154.2683	143.83028
1154.7426	153.12933
1155.2168	145.64719
1155.691	138.42213
1156.1653	136.26004
1156.6395	134.03662
1157.1138	139.50357
1157.5881	135.77898
1158.0624	137.40958
1158.5366	133.55095
1159.0109	142.37253
1159.4851	132.09268
1159.9594	137.03935
1160.4336	141.9823
1160.9078	133.86433
1161.3821	136.11545
1161.8563	142.24374
1162.3306	138.24843
1162.8049	136.07713
1163.2792	140.53917
1163.7534	141.06296
1164.2277	133.86523
1164.7019	131.64671
1165.1761	139.99423
1165.6504	140.03932
1166.1246	137.99013
1166.5989	133.35297
1167.0731	132.65317
1167.5475	139.57245
1168.0217	137.77164
1168.496	140.29974
1168.9702	136.84944
1169.4445	138.12625
1169.9187	136.86238
1170.3929	147.63387
1170.8672	131.04961
1171.3414	136.40869
1171.8157	134.62886
1172.2899	131.38649
1172.7643	142.78293
1173.2385	137.87686
1173.7128	143.97929
1174.187	141.21324
1174.6613	136.14665
1175.1355	136.03972
1175.6097	135.20544
1176.084	142.20995
1176.5582	137.0894
1177.0325	137.37488
1177.5068	139.74127
1177.9811	136.20918
1178.4553	136.54884
1178.9296	137.97278
1179.4038	133.21107
1179.8781	135.0899
1180.3523	135.75797
1180.8265	142.12025
1181.3008	137.76926
1181.775	142.55428
1182.2493	143.5365
1182.7236	133.93947
1183.1979	140.34935
1183.6721	136.27924
1184.1464	134.54376
1184.6206	141.70726
1185.0948	138.91872
1185.5691	138.7977
1186.0433	135.30042
1186.5176	142.01808
1186.9918	138.80589
1187.4661	136.21257
1187.9404	144.38065
1188.4147	142.31114
1188.8889	143.97139
1189.3632	144.6653
1189.8374	140.11693
1190.3116	131.84282
1190.7859	139.01627
1191.2601	135.09462
1191.7344	139.20003
1192.2086	133.90912
1192.683	128.45639
1193.1572	136.82155
1193.6315	140.14095
1194.1057	134.33308
1194.58	138.34059
1195.0542	138.2937
1195.5284	138.29053
1196.0027	138.30496
1196.4769	136.11398
1196.9512	136.46182
1197.4254	136.50807
1197.8998	139.41493
1198.374	144.39577
1198.8483	138.74146
1199.3225	138.57141
1199.7968	138.79701
1200.271	135.6463
1200.7452	132.784
1201.2195	141.39113
1201.6937	139.59904
1202.168	132.67787
1202.6423	137.09624
1203.1166	144.64169
1203.5908	129.99611
1204.0651	135.91037
1204.5393	132.1748
1205.0135	134.94203
1205.4878	139.3876
1205.962	132.73264
1206.4363	131.70505
1206.9105	133.16472
1207.3848	137.12753
1207.8591	143.76799
1208.3334	138.1011
1208.8076	140.07979
1209.2819	133.05112
1209.7561	133.50616
1210.2303	140.12636
1210.7046	139.7717
1211.1788	137.1097
1211.6531	139.9138
1212.1273	145.37071
1212.6017	145.34114
1213.0759	144.70485
1213.5502	139.02327
1214.0244	138.16765
1214.4987	135.64319
1214.9729	135.62823
1215.4471	136.99307
1215.9214	135.75311
1216.3956	142.59941
1216.8699	144.80418
1217.3441	137.11884
1217.8185	140.68797
1218.2927	141.32091
1218.767	145.78159
1219.2412	141.4724
1219.7155	149.26602
1220.1897	148.49173
1220.6639	145.9837
1221.1382	138.66469
1221.6124	142.08882
1222.0867	146.38779
1222.561	144.0022
1223.0353	148.6456
1223.5095	139.2377
1223.9838	140.97861
1224.458	146.51901
1224.9323	141.87219
1225.4065	138.51823
1225.8807	138.94447
1226.355	138.33345
1226.8292	139.01065
1227.3035	138.14807
1227.7778	136.01114
1228.2521	149.90083
1228.7263	138.8455
1229.2006	144.84808
1229.6748	148.35194
1230.149	144.34311
1230.6233	138.70914
1231.0975	137.95953
1231.5718	145.47444
1232.046	146.59106
1232.5204	138.96826
1232.9946	139.35489
1233.4689	139.3522
1233.9431	145.50468
1234.4174	144.68121
1234.8916	138.12218
1235.3658	139.99136
1235.8401	140.89545
1236.3143	143.49648
1236.7886	147.83284
1237.2628	138.46609
1237.7372	143.60159
1238.2114	135.26508
1238.6857	132.29527
1239.1599	136.86015
1239.6342	135.44069
1240.1084	135.8179
1240.5826	137.00398
1241.0569	129.45999
1241.5311	132.00267
1242.0054	138.95763
1242.4796	140.62285
1242.954	133.11476
1243.4282	140.43697
1243.9025	138.20998
1244.3767	133.95992
1244.851	132.2845
1245.3252	152.09111
1245.7994	143.99963
1246.2737	136.64713
1246.7479	135.33411
1247.2222	133.61636
1247.6965	135.52629
1248.1708	138.46017
1248.645	140.51897
1249.1193	137.97255
1249.5935	140.48755
1250.0677	142.04237
1250.542	142.39557
1251.0162	138.82112
1251.4905	139.43291
1251.9647	135.97421
1252.439	141.03754
1252.9133	136.15002
1253.3876	136.14677
1253.8618	136.69608
1254.3361	140.16422
1254.8103	139.85216
1255.2845	136.1716
1255.7588	136.08205
1256.233	137.83087
1256.7073	137.18658
1257.1815	140.17758
1257.6559	141.80301
1258.1301	143.83873
1258.6044	140.51324
1259.0786	141.69649
1259.5529	142.32314
1260.0271	137.69662
1260.5013	142.14586
1260.9756	139.43411
1261.4498	140.25996
1261.9241	132.02032
1262.3983	137.75058
1262.8727	144.72331
1263.3469	138.42867
1263.8212	140.84981
1264.2954	140.67654
1264.7697	135.47318
1265.2439	142.45743
1265.7181	146.8033
1266.1924	138.85838
1266.6666	141.85899
1267.1409	138.5948
1267.6152	136.7227
1268.0895	137.69757
1268.5637	140.21353
1269.038	136.43184
1269.5122	131.83833
1269.9865	139.29279
1270.4607	134.24406
1270.9349	138.49649
1271.4092	133.20702
1271.8834	134.71808
1272.3577	136.88412
1272.832	139.42769
1273.3063	134.38885
1273.7805	143.14366
1274.2548	143.96754
1274.729	138.6855
1275.2032	127.79929
1275.6775	134.58109
1276.1517	143.42076
1276.626	139.4382
1277.1002	137.40881
1277.5746	133.04945
1278.0488	136.09744
1278.5231	141.52521
1278.9973	142.47359
1279.4716	140.49771
1279.9458	137.23462
1280.42	141.15125
1280.8943	143.36948
1281.3685	140.12144
1281.8428	140.8656
1282.317	141.95886
1282.7914	137.24072
1283.2656	141.69489
1283.7399	129.83585
1284.2141	135.59486
1284.6884	140.83914
1285.1626	140.41484
1285.6368	137.34717
1286.1111	137.51797
1286.5853	140.53568
1287.0596	138.6362
1287.5339	141.10689
1288.0082	142.00706
1288.4824	142.30414
1288.9567	140.5238
1289.4309	148.76309
1289.9052	140.98172
1290.3794	138.58907
1290.8536	141.03041
1291.3279	145.12411
1291.8021	141.01434
1292.2764	132.94078
1292.7507	133.08199
1293.225	143.52745
1293.6992	142.24716
1294.1735	134.0584
1294.6477	139.26253
1295.1219	139.235
1295.5962	137.11784
1296.0704	137.87054
1296.5447	143.20557
1297.0189	144.87184
1297.4932	135.60539
1297.9675	133.54645
1298.4418	142.09198
1298.916	149.34267
1299.3903	146.27611
1299.8645	142.87308
1300.3387	137.99535
1300.813	140.54662
1301.2872	143.84502
1301.7615	140.27858
1302.2357	139.0168
1302.7101	148.41385
1303.1843	141.15559
1303.6586	141.49194
1304.1328	137.60541
1304.6071	137.16096
1305.0813	139.63989
1305.5555	137.53174
1306.0298	139.72722
1306.504	145.80508
1306.9783	148.11491
1307.4525	146.23807
1307.9269	144.21872
1308.4011	153.08896
1308.8754	149.62238
1309.3496	141.86679
1309.8239	143.00534
1310.2981	141.218
1310.7723	145.6459
1311.2466	143.07652
1311.7208	138.75922
1312.1951	145.74573
1312.6694	142.30191
1313.1437	143.25922
1313.6179	138.5157
1314.0922	142.41841
1314.5664	146.04749
1315.0406	141.23012
1315.5149	144.00616
1315.9891	149.0331
1316.4634	153.3123
1316.9376	145.03822
1317.4119	148.23593
1317.8862	139.91859
1318.3605	143.9386
1318.8347	147.75249
1319.309	148.59468
1319.7832	145.98959
1320.2574	142.71021
1320.7317	145.38243
1321.2059	146.56218
1321.6802	147.44499
1322.1544	149.90942
1322.6288	149.11267
1323.103	150.9109
1323.5773	150.4437
1324.0515	144.72215
1324.5258	141.19308
1325	149.31946
1325.4742	149.62785
1325.9485	147.85356
1326.4227	150.11324
1326.897	148.12779
1327.3712	143.93787
1327.8456	141.88103
1328.3198	139.45702
1328.7941	144.92644
1329.2683	138.72093
1329.7426	145.38347
1330.2168	134.94954
1330.691	137.34528
1331.1653	141.47337
1331.6395	145.02747
1332.1138	145.80179
1332.5881	146.01649
1333.0624	153.04912
1333.5366	152.02251
1334.0109	142.52942
1334.4851	140.35004
1334.9594	145.59755
1335.4336	142.32518
1335.9078	144.16212
1336.3821	142.07487
1336.8563	150.99358
1337.3306	141.53026
1337.8049	141.28583
1338.2792	146.06267
1338.7534	144.17944
1339.2277	150.8748
1339.7019	143.90076
1340.1761	145.33955
1340.6504	150.43735
1341.1246	147.31651
1341.5989	147.85533
1342.0731	138.46379
1342.5475	145.22598
1343.0217	141.64351
1343.496	138.91995
1343.9702	141.73508
1344.4445	145.58714
1344.9187	141.52412
1345.3929	144.74899
1345.8672	145.33527
1346.3414	150.50952
1346.8157	145.69839
1347.2899	147.4803
1347.7643	149.30086
1348.2385	142.3826
1348.7128	141.9662
1349.187	153.43784
1349.6613	147.72646
1350.1355	151.16168
1350.6097	145.64963
1351.084	145.16681
1351.5582	145.09805
1352.0325	141.96281
1352.5068	139.72334
1352.9811	152.77478
1353.4553	144.45045
1353.9296	149.02237
1354.4038	145.35114
1354.8781	144.58057
1355.3523	145.93263
1355.8265	144.87683
1356.3008	147.01833
1356.775	148.68967
1357.2493	150.84769
1357.7236	148.30463
1358.1979	149.56775
1358.6721	148.12573
1359.1464	143.94708
1359.6206	149.47749
1360.0948	147.84045
1360.5691	150.25157
1361.0433	143.3063
1361.5176	142.28186
1361.9918	152.32686
1362.4661	147.09464
1362.9404	147.57133
1363.4147	144.41519
1363.8889	146.12549
1364.3632	148.57318
1364.8374	143.11241
1365.3116	157.6635
1365.7859	147.4162
1366.2601	148.90904
1366.7344	149.17824
1367.2086	150.80887
1367.683	144.8656
1368.1572	139.72015
1368.6315	145.21162
1369.1057	147.57706
1369.58	154.97006
1370.0542	148.33514
1370.5284	146.3022
1371.0027	150.86317
1371.4769	146.86029
1371.9512	144.55431
1372.4254	144.86949
1372.8998	148.83563
1373.374	146.08759
1373.8483	145.36029
1374.3225	145.52861
1374.7968	143.77663
1375.271	144.6794
1375.7452	140.39653
1376.2195	138.69638
1376.6937	142.7684
1377.168	144.37547
1377.6423	147.30595
1378.1166	141.89008
1378.5908	141.98169
1379.0651	148.59468
1379.5393	147.68224
1380.0135	145.83275
1380.4878	143.05421
1380.962	144.62065
1381.4363	143.73994
1381.9105	136.90553
1382.3848	139.2588
1382.8591	137.77028
1383.3334	144.18832
1383.8076	143.58228
1384.2819	152.05934
1384.7561	139.67039
1385.2303	142.4601
1385.7046	147.37726
1386.1788	142.14603
1386.6531	143.69041
1387.1273	145.56107
1387.6017	144.79744
1388.0759	153.68512
1388.5502	149.9355
1389.0244	149.72261
1389.4987	154.21648
1389.9729	145.12369
1390.4471	150.3112
1390.9214	147.27394
1391.3956	139.39667
1391.8699	143.99113
1392.3441	149.32005
1392.8185	147.78482
1393.2927	141.30679
1393.767	142.256
1394.2412	145.54359
1394.7155	148.42775
1395.1897	148.16312
1395.6639	144.82703
1396.1382	134.45174
1396.6124	144.33087
1397.0867	145.51428
1397.561	150.25098
1398.0353	148.11206
1398.5095	147.39661
1398.9838	151.77248
1399.458	146.92424
1399.9323	155.71352
1400.4065	147.77243
1400.8807	153.27173
1401.355	144.36818
1401.8292	148.74501
1402.3035	149.0955
1402.7778	146.4608
1403.2521	146.26619
1403.7263	149.73558
1404.2006	154.89215
1404.6748	150.93756
1405.149	137.48849
1405.6233	144.00516
1406.0975	147.5051
1406.5718	147.67487
1407.046	142.17664
1407.5204	143.36469
1407.9946	139.26479
1408.4689	139.80319
1408.9431	140.08594
1409.4174	136.42989
1409.8916	148.91756
1410.3658	147.03294
1410.8401	145.40176
1411.3143	146.00932
1411.7886	148.78149
1412.2628	141.73412
1412.7372	148.38602
1413.2114	152.42606
1413.6857	151.46785
1414.1599	142.59694
1414.6342	145.41058
1415.1084	152.5542
1415.5826	145.43246
1416.0569	144.18285
1416.5311	149.00859
1417.0054	151.09691
1417.4796	147.4993
1417.954	141.4129
1418.4282	152.76717
1418.9025	154.53427
1419.3767	149.14444
1419.851	149.71126
1420.3252	147.72499
1420.7994	149.161
1421.2737	144.79005
1421.7479	146.13057
1422.2222	149.46577
1422.6965	146.46117
1423.1708	140.43533
1423.645	142.38695
1424.1193	146.24747
1424.5935	149.62976
1425.0677	142.35428
1425.542	147.62123
1426.0162	136.52322
1426.4905	156.27246
1426.9647	148.66162
1427.439	152.12683
1427.9133	144.75099
1428.3876	145.97644
1428.8618	148.50479
1429.3361	142.61226
1429.8103	149.65894
1430.2845	149.57472
1430.7588	143.9566
1431.233	147.52661
1431.7073	141.81537
1432.1815	147.26682
1432.6559	146.2478
1433.1301	148.34949
1433.6044	148.73918
1434.0786	140.90567
1434.5529	147.64233
1435.0271	148.53558
1435.5013	143.90912
1435.9756	145.54485
1436.4498	149.19139
1436.9241	141.61424
1437.3983	143.1422
1437.8727	138.45714
1438.3469	147.48706
1438.8212	138.29533
1439.2954	142.84909
1439.7697	147.01242
1440.2439	147.53337
1440.7181	156.06746
1441.1924	149.47594
1441.6666	144.65938
1442.1409	150.14079
1442.6152	152.65273
1443.0895	152.54784
1443.5637	152.16307
1444.038	150.2001
1444.5122	143.23454
1444.9865	143.14073
1445.4607	144.83467
1445.9349	140.86475
1446.4092	151.72427
1446.8834	138.53894
1447.3577	148.13918
1447.832	146.84094
1448.3063	148.60468
1448.7805	144.94363
1449.2548	140.53319
1449.729	143.49678
1450.2032	142.34419
1450.6775	147.58345
1451.1517	140.73183
1451.626	151.56593
1452.1002	140.07228
1452.5746	142.31174
1453.0488	138.72238
1453.5231	142.84636
1453.9973	139.30106
1454.4716	140.67679
1454.9458	153.58734
1455.42	148.7852
1455.8943	136.16655
1456.3685	142.20605
1456.8428	139.39044
1457.317	133.82051
1457.7914	141.42712
1458.2656	145.69576
1458.7399	149.14653
1459.2141	139.28456
1459.6884	133.58743
1460.1626	134.43939
1460.6368	141.95715
1461.1111	138.23041
1461.5853	137.70395
1462.0596	143.82593
1462.5339	151.07339
1463.0082	142.58115
1463.4824	145.22926
1463.9567	149.01627
1464.4309	141.14005
1464.9052	143.97443
1465.3794	144.9066
1465.8536	134.29999
1466.3279	151.37927
1466.8021	146.98831
1467.2764	148.28192
1467.7507	146.58748
1468.225	142.53981
1468.6992	137.23344
1469.1735	147.27831
1469.6477	147.65927
1470.1219	142.64056
1470.5962	140.43242
1471.0704	148.50682
1471.5447	139.72552
1472.0189	146.21461
1472.4932	140.97267
1472.9675	139.98445
1473.4418	144.4483
1473.916	148.59796
1474.3903	144.77826
1474.8645	137.2014
1475.3387	137.08604
1475.813	141.10231
1476.2872	140.79185
1476.7615	141.5399
1477.2357	139.19052
1477.7101	139.50397
1478.1843	139.688
1478.6586	134.5775
1479.1328	145.14983
1479.6071	141.33607
1480.0813	147.36911
1480.5555	134.47002
1481.0298	147.19673
1481.504	137.62167
1481.9783	144.98907
1482.4525	143.30096
1482.9269	137.48067
1483.4011	135.79898
1483.8754	146.95406
1484.3496	147.75203
1484.8239	144.56915
1485.2981	144.7879
1485.7723	139.83853
1486.2466	145.85609
1486.7208	141.93935
1487.1951	144.15169
1487.6694	133.63751
1488.1437	133.96928
1488.6179	134.45367
1489.0922	136.1593
1489.5664	140.56165
1490.0406	140.20435
1490.5149	142.63193
1490.9891	136.83897
1491.4634	133.54362
1491.9376	138.9444
1492.4119	131.57355
1492.8862	140.48145
1493.3605	146.18454
1493.8347	133.9628
1494.309	143.97458
1494.7832	143.45839
1495.2574	143.32205
1495.7317	136.41257
1496.2059	137.50198
1496.6802	133.18866
1497.1544	125.52129
1497.6288	139.54063
1498.103	135.60391
1498.5773	135.39407
1499.0515	146.77197
1499.5258	141.67542
1500	133.50015
