100	311.53098
100.47426	327.87787
100.94851	319.0961
101.42277	308.04825
101.89702	314.30127
102.37128	314.3735
102.84553	312.8176
103.31979	315.90216
103.79404	314.33038
104.2683	315.06952
104.74255	332.76242
105.2168	337.54785
105.69106	334.56845
106.16531	317.57034
106.63956	326.82446
107.11382	299.99686
107.58807	294.2616
108.06233	299.91202
108.53658	296.05786
109.01084	287.97684
109.48509	289.83853
109.95935	295.24164
110.4336	289.32358
110.90786	286.76352
111.38211	298.88623
111.85637	299.10919
112.33062	292.0885
112.80488	301.16763
113.27913	315.54245
113.75339	317.58813
114.22765	306.72998
114.7019	301.1232
115.17616	310.3728
115.65041	298.9863
116.12466	295.11349
116.59892	308.11334
117.07317	305.93842
117.54742	287.02286
118.02168	279.08838
118.49593	295.37491
118.97019	305.66071
119.44444	300.77548
119.9187	301.29041
120.39295	299.48108
120.86721	317.0704
121.34146	309.21121
121.81572	305.96915
122.28997	303.79523
122.76423	290.52283
123.23848	288.57962
123.71274	286.12485
124.18699	284.72427
124.66125	289.61636
125.1355	287.41495
125.60976	279.86316
126.08401	300.06036
126.55827	297.07556
127.03252	297.55536
127.50677	302.60648
127.98103	301.16266
128.45529	298.09366
128.92953	300.56384
129.40379	308.82358
129.87805	316.21017
130.35231	315.76614
130.82655	308.5304
131.30081	305.86057
131.77507	305.32336
132.24933	314.90497
132.72357	306.86765
133.19783	302.77106
133.67209	316.29257
134.14635	316.53101
134.62059	310.18536
135.09485	312.92087
135.56911	312.9949
136.04337	314.13144
136.51761	319.8912
136.99187	321.76678
137.46613	327.77872
137.94038	336.38052
138.41463	324.87512
138.88889	333.59622
139.36314	341.19632
139.8374	334.44479
140.31165	334.29114
140.7859	345.81961
141.26016	339.11481
141.73442	330.35147
142.20868	333.48938
142.68292	330.84406
143.15718	342.27341
143.63144	339.61963
144.1057	344.09579
144.57994	345.17874
145.0542	342.9198
145.52846	348.99997
146.00272	357.43359
146.47696	356.30591
146.95122	372.83319
147.42548	361.41321
147.89973	380.93213
148.37398	366.29498
148.84824	373.30203
149.32249	365.77692
149.79675	368.87653
150.271	379.78351
150.74525	383.64658
151.21951	384.98175
151.69377	390.39081
152.16801	385.61002
152.64227	375.72714
153.11653	376.70062
153.59079	385.91595
154.06505	381.48987
154.53929	370.07367
155.01355	363.23312
155.48781	363.97363
155.96207	361.3425
156.43631	354.8761
156.91057	354.26309
157.38483	352.5015
157.85909	345.02011
158.33333	354.98376
158.80759	340.66046
159.28185	337.82376
159.7561	342.7966
160.23035	355.95792
160.70461	357.29248
161.17886	354.39185
161.65312	350.66339
162.12737	346.72003
162.60162	348.33569
163.07588	333.4798
163.55014	345.66867
164.02438	352.08206
164.49864	339.89728
164.9729	336.32074
165.44716	329.11688
165.9214	336.00745
166.39566	339.78979
166.86992	345.65161
167.34418	353.13681
167.81844	346.23526
168.29268	339.93811
168.76694	353.99454
169.2412	373.97165
169.71545	362.13849
170.1897	366.88519
170.66396	367.39484
171.13821	374.00378
171.61247	371.70844
172.08672	366.78836
172.56097	364.81567
173.03523	363.19785
173.50949	364.24402
173.98373	372.13586
174.45799	380.4678
174.93225	370.97437
175.40651	392.75485
175.88075	385.06561
176.35501	385.90527
176.82927	395.47189
177.30353	395.11011
177.77777	397.40265
178.25203	401.60422
178.72629	395.06973
179.20055	385.86237
179.67479	383.11441
180.14905	386.56366
180.62331	394.9296
181.09756	377.2099
181.57182	358.82077
182.04607	366.03867
182.52032	369.31943
182.99458	362.00229
183.46884	361.61868
183.94308	367.31985
184.41734	365.06729
184.8916	357.00064
185.36586	352.80072
185.8401	354.69339
186.31436	346.53485
186.78862	356.09631
187.26288	352.27545
187.73712	360.87885
188.21138	352.23126
188.68564	349.39825
189.1599	354.86758
189.63414	350.59961
190.1084	343.55768
190.58266	351.7464
191.05692	356.33102
191.53116	361.90948
192.00542	365.36566
192.47968	368.71997
192.95393	360.02087
193.42818	359.76672
193.90244	370.58884
194.37669	366.19312
194.85095	370.30521
195.32521	370.03757
195.79945	365.05374
196.27371	385.80472
196.74797	386.45822
197.22223	377.24295
197.69647	386.0351
198.17073	379.53693
198.64499	388.74478
199.11925	396.25168
199.59349	407.55637
200.06775	409.60483
200.54201	408.31445
201.01627	399.53156
201.49051	397.80093
201.96477	414.63058
202.43903	417.8327
202.91328	430.43686
203.38753	428.94284
203.86179	434.91968
204.33604	417.58002
204.8103	428.73032
205.28455	439.99112
205.7588	448.37216
206.23306	451.58676
206.70732	455.14026
207.18156	459.06482
207.65582	460.24222
208.13008	460.91644
208.60434	458.6954
209.0786	472.41385
209.55284	485.85052
210.0271	472.70374
210.50136	480.46515
210.97562	490.56177
211.44986	491.74365
211.92412	492.42282
212.39838	494.61551
212.87263	495.11838
213.34688	490.21057
213.82114	488.79459
214.29539	504.77567
214.76965	509.51541
215.2439	522.45099
215.71815	521.51593
216.19241	508.76831
216.66667	522.06329
217.14091	527.61285
217.61517	535.89459
218.08943	535.45593
218.56369	528.83759
219.03793	517.44226
219.51219	511.59787
219.98645	526.17218
220.46071	529.65051
220.93495	508.90494
221.40921	496.49747
221.88347	508.56012
222.35773	501.23813
222.83199	503.20267
223.30623	493.83118
223.78049	495.82071
224.25475	492.45642
224.729	487.45584
225.20325	495.83112
225.67751	500.75092
226.15176	487.87051
226.62602	489.0451
227.10027	474.2572
227.57452	491.56158
228.04878	486.44656
228.52304	489.43958
228.99728	486.46036
229.47154	482.01666
229.9458	486.40063
230.42006	488.1575
230.8943	491.12537
231.36856	498.80667
231.84282	501.49826
232.31708	500.54971
232.79132	507.85504
233.26558	516.599
233.73984	517.11029
234.2141	538.01611
234.68835	520.80054
235.1626	525.86627
235.63686	554.09564
236.11111	551.22693
236.58537	543.39337
237.05962	544.35083
237.53387	551.50708
238.00813	557.6283
238.48239	550.97583
238.95663	558.92218
239.43089	561.95062
239.90515	575.11774
240.37941	576.0575
240.85365	575.40656
241.32791	564.07928
241.80217	554.39661
242.27643	554.11243
242.75067	558.53461
243.22493	561.33527
243.69919	560.09613
244.17345	556.00232
244.64769	556.7594
245.12195	564.23486
245.59621	547.85883
246.07047	551.51489
246.54471	543.23767
247.01897	531.6427
247.49323	537.11072
247.96748	537.94153
248.44174	533.79022
248.91599	523.27655
249.39024	526.90302
249.8645	532.90344
250.33876	529.62756
250.813	529.66644
251.28726	524.60931
251.76152	515.57843
252.23578	516.6579
252.71002	504.42905
253.18428	532.70728
253.65854	533.95471
254.1328	526.64655
254.60704	529.66541
255.0813	528.83276
255.55556	530.33026
256.02982	524.26111
256.50406	518.54169
256.97833	529.28149
257.45258	535.27185
257.92682	521.63098
258.40109	517.27802
258.87534	525.2699
259.34958	495.01212
259.82385	513.83765
260.2981	497.61346
260.77237	503.28922
261.24661	515.25854
261.72086	501.73615
262.19513	486.40973
262.66937	486.28516
263.14365	493.89609
263.61789	499.82904
264.09213	502.05057
264.56641	505.95996
265.04065	478.89758
265.51489	492.11499
265.98917	476.12943
266.46341	470.32278
266.93768	481.86108
267.41193	488.392
267.88617	477.15509
268.36044	478.38968
268.83469	487.4559
269.30893	482.33292
269.7832	475.42447
270.25745	479.97928
270.73172	473.37775
271.20596	462.76874
271.68021	455.9874
272.15448	456.68576
272.62872	456.43286
273.10297	468.44452
273.57724	459.09518
274.05148	460.39355
274.52576	458.32343
275	464.36362
275.47424	471.96875
275.94852	474.72415
276.42276	470.65274
276.89703	468.13177
277.37128	476.84308
277.84552	467.64609
278.31979	469.99341
278.79404	460.56943
279.26828	466.5112
279.74255	465.43509
280.2168	474.82516
280.69107	464.20868
281.16531	467.52655
281.63956	475.168
282.11383	476.22998
282.58807	473.29922
283.06232	473.95105
283.53659	477.4122
284.01083	470.61124
284.48511	455.86349
284.95935	470.0116
285.43359	470.16046
285.90787	479.71884
286.38211	469.3241
286.85635	463.96133
287.33063	482.77106
287.80487	478.3262
288.27914	481.23227
288.75339	482.65817
289.22763	485.33151
289.7019	491.19357
290.17615	492.12787
290.65042	495.97937
291.12466	506.3829
291.59891	504.17947
292.07318	525.83539
292.54742	535.30768
293.02167	542.40271
293.49594	526.37946
293.97018	538.6214
294.44446	565.64398
294.9187	570.92297
295.39294	570.26837
295.86722	572.90277
296.34146	582.86731
296.8157	589.94165
297.28998	596.58185
297.76422	615.62543
298.23849	621.02423
298.71274	632.09735
299.18698	628.59351
299.66125	638.67255
300.1355	664.94171
300.60974	660.55969
301.08401	671.70837
301.55826	687.21967
302.03253	695.87744
302.50677	689.97577
302.98102	702.24628
303.45529	702.10425
303.92953	693.52655
304.40381	705.33624
304.87805	699.23376
305.35229	691.51575
305.82657	689.37976
306.30081	682.57361
306.77505	667.51074
307.24933	684.03394
307.72357	668.41541
308.19785	668.5611
308.67209	658.68921
309.14633	650.07013
309.62061	636.31195
310.09485	636.42194
310.56909	639.10345
311.04337	634.23419
311.51761	626.46661
311.99188	611.28168
312.46613	600.73181
312.94037	579.7489
313.41464	566.52728
313.88889	550.12646
314.36313	555.37634
314.8374	549.22791
315.31165	534.8006
315.78592	517.7663
316.26016	499.47696
316.73441	502.069
317.20868	508.11136
317.68292	501.98798
318.1572	484.1265
318.63144	472.76822
319.10568	475.59015
319.57996	467.34067
320.0542	461.68259
320.52844	456.74026
321.00272	442.95706
321.47696	445.22803
321.95123	430.70563
322.42548	418.5986
322.89972	410.92337
323.37399	428.94473
323.84824	415.39072
324.32248	404.14578
324.79675	399.22855
325.271	408.22021
325.74527	410.68295
326.21951	393.92462
326.69376	398.97336
327.16803	401.02444
327.64227	395.09708
328.11652	398.42578
328.59079	402.98804
329.06503	391.61496
329.53931	371.43866
330.01355	372.04364
330.48779	375.6839
330.96207	381.30759
331.43631	388.50739
331.91058	386.03537
332.38483	378.85892
332.85907	378.31335
333.33334	378.99649
333.80759	373.30194
334.28183	368.34903
334.7561	366.30273
335.23035	365.64658
335.70462	365.39404
336.17886	370.3371
336.65311	361.38388
337.12738	356.9476
337.60162	358.08212
338.07587	372.88388
338.55014	376.47433
339.02438	367.39487
339.49866	360.36951
339.9729	362.45868
340.44714	361.98676
340.92142	358.07925
341.39566	352.83319
341.8699	344.34988
342.34418	354.92621
342.81842	362.67435
343.29269	354.41382
343.76694	348.10269
344.24118	355.11636
344.71545	355.66211
345.1897	353.50208
345.66397	349.62683
346.13821	342.74411
346.61246	354.15924
347.08673	364.56198
347.56097	360.73941
348.03522	345.08807
348.50949	342.69238
348.98373	352.29468
349.45801	347.3511
349.93225	348.04221
350.40649	359.80215
350.88077	344.97369
351.35501	334.98239
351.82925	333.85056
352.30353	344.56586
352.77777	329.82779
353.25204	329.59399
353.72629	325.45071
354.20053	339.03995
354.6748	334.94656
355.14905	331.55185
355.62329	332.07141
356.09756	333.203
356.57181	332.12366
357.04608	335.57904
357.52032	347.78461
357.99457	339.1683
358.46884	332.62509
358.94308	332.95206
359.41736	324.57693
359.8916	323.69232
360.36584	341.6839
360.84012	341.47165
361.31436	343.98758
361.7886	339.74915
362.26288	333.36545
362.73712	339.56723
363.2114	347.11899
363.68564	340.76086
364.15988	337.45505
364.63416	341.34534
365.1084	338.04135
365.58264	336.63654
366.05692	339.49832
366.53116	330.13098
367.00543	341.2056
367.47968	351.53119
367.95392	350.30161
368.42819	348.85825
368.90244	341.60425
369.37671	325.25366
369.85095	338.49536
370.3252	347.42581
370.79947	328.6015
371.27371	318.29678
371.74796	332.01617
372.22223	341.54376
372.69647	332.51755
373.17075	328.76791
373.64499	332.77924
374.11923	323.90848
374.59351	327.26495
375.06775	323.22687
375.54199	334.79611
376.01627	342.61899
376.49051	335.4465
376.96478	332.93579
377.43903	333.39999
377.91327	338.48956
378.38754	332.03336
378.86179	332.96686
379.33603	331.9859
379.8103	338.3208
380.28455	334.91428
380.75882	337.14511
381.23306	338.23328
381.70731	332.93402
382.18158	338.99567
382.65582	330.08173
383.1301	335.60089
383.60434	328.85519
384.07858	327.49466
384.55286	332.14023
385.0271	343.97433
385.50134	343.23029
385.97562	334.70465
386.44986	338.75278
386.92413	331.76346
387.39838	337.41235
387.87262	333.53641
388.34689	327.03061
388.82114	333.10153
389.29538	336.94266
389.76965	336.19446
390.2439	335.27335
390.71817	332.00653
391.19241	338.10562
391.66666	343.23453
392.14093	345.96991
392.61517	346.72675
393.08942	339.46475
393.56369	335.51569
394.03793	341.14709
394.51221	330.82706
394.98645	332.6937
395.46069	333.86603
395.93497	339.6795
396.40921	343.64157
396.88348	343.55276
397.35773	348.77048
397.83197	355.58469
398.30624	355.96594
398.78049	349.86621
399.25473	346.05536
399.729	346.06479
400.20325	345.22183
400.67752	356.52103
401.15176	344.15894
401.62601	354.2457
402.10028	354.19647
402.57452	373.56061
403.04877	353.72833
403.52304	369.63452
403.99728	353.25775
404.47156	369.70029
404.9458	358.03015
405.42004	358.50351
405.89432	360.28311
406.36856	366.03558
406.8428	373.03815
407.31708	366.20969
407.79132	349.00018
408.26559	352.53085
408.73984	372.65985
409.21408	357.94446
409.68835	338.76352
410.1626	355.50381
410.63687	360.23926
411.11111	356.54007
411.58536	370.7804
412.05963	363.93756
412.53387	349.56906
413.00812	362.15607
413.48239	361.73901
413.95663	362.26727
414.43091	367.34454
414.90515	374.20483
415.37939	361.88971
415.85367	363.81604
416.32791	371.78894
416.80215	372.4866
417.27643	370.74075
417.75067	364.9902
418.22495	367.34146
418.69919	372.1669
419.17343	375.32187
419.64771	375.73898
420.12195	380.88226
420.59619	372.64081
421.07047	383.02881
421.54471	384.08032
422.01898	380.49521
422.49323	385.00449
422.96747	381.4101
423.44174	383.07822
423.91599	371.25613
424.39026	370.66119
424.8645	372.41235
425.33875	375.83405
425.81302	375.89072
426.28726	367.11438
426.76151	371.39053
427.23578	381.7619
427.71002	372.78452
428.1843	374.30438
428.65854	373.88852
429.13278	377.61993
429.60706	371.7395
430.0813	368.69876
430.55554	370.91907
431.02982	360.29083
431.50406	361.1557
431.97833	373.08527
432.45258	367.49448
432.92682	353.84222
433.40109	368.60361
433.87534	377.73083
434.34958	370.70712
434.82385	377.4671
435.2981	386.49228
435.77237	386.46643
436.24661	373.72369
436.72086	362.7301
437.19513	370.53781
437.66937	374.45975
438.14365	371.63159
438.61789	367.52573
439.09213	369.90591
439.56641	379.8718
440.04065	376.3877
440.51489	376.79492
440.98917	376.74109
441.46341	381.19452
441.93768	376.65381
442.41193	391.85587
442.88617	376.28137
443.36044	382.34683
443.83469	376.14548
444.30893	376.88437
444.7832	382.37701
445.25745	387.20102
445.73172	388.96286
446.20596	390.24097
446.68021	392.32166
447.15448	383.26205
447.62872	370.9136
448.10297	383.8703
448.57724	399.12643
449.05148	389.25867
449.52576	400.93723
450	398.26947
450.47424	390.33142
450.94852	403.63733
451.42276	394.61874
451.89703	397.20026
452.37128	403.33246
452.84552	400.33319
453.31979	406.72546
453.79404	409.92218
454.26828	411.55383
454.74255	409.55292
455.2168	406.78302
455.69107	416.1463
456.16531	412.32959
456.63956	404.64813
457.11383	411.41022
457.58807	418.25949
458.06232	421.33063
458.53659	417.06183
459.01083	413.53757
459.48511	402.90256
459.95935	400.797
460.43359	399.9538
460.90787	403.42111
461.38211	406.69318
461.85635	402.67975
462.33063	400.4223
462.80487	403.68088
463.27914	410.95145
463.75339	403.7905
464.22763	407.99109
464.7019	407.35791
465.17615	411.64413
465.65042	423.64389
466.12466	420.72357
466.59891	415.87473
467.07318	414.70206
467.54742	414.021
468.02167	416.30743
468.49594	417.48816
468.97018	413.2948
469.44446	410.62164
469.9187	420.80713
470.39294	413.83459
470.86722	404.13751
471.34146	407.34396
471.8157	410.21967
472.28998	400.9642
472.76422	412.15649
473.23849	390.7037
473.71274	404.45114
474.18698	407.44308
474.66125	404.15433
475.1355	394.30841
475.60974	408.90454
476.08401	408.09906
476.55826	411.84906
477.03253	406.84622
477.50677	393.14722
477.98102	389.61197
478.45529	395.07544
478.92953	403.48639
479.40381	403.63873
479.87805	394.56815
480.35229	394.0062
480.82657	390.27686
481.30081	384.0896
481.77505	395.26541
482.24933	386.67114
482.72357	395.49707
483.19785	379.00558
483.67209	387.96298
484.14633	381.34543
484.62061	394.59039
485.09485	383.52933
485.56909	394.56033
486.04337	369.26135
486.51761	378.12418
486.99188	382.59641
487.46613	382.33008
487.94037	383.22784
488.41464	376.14423
488.88889	382.47183
489.36313	384.09378
489.8374	382.26627
490.31165	390.07782
490.78592	388.73526
491.26016	377.47253
491.73441	379.552
492.20868	381.62512
492.68292	373.49106
493.1572	385.06894
493.63144	389.00296
494.10568	386.3158
494.57996	381.46179
495.0542	391.6911
495.52844	380.5849
496.00272	376.12817
496.47696	391.59802
496.95123	395.29959
497.42548	376.19498
497.89972	403.57227
498.37399	383.93854
498.84824	392.09558
499.32248	395.14722
499.79675	396.61462
500.271	405.43982
500.74527	404.16965
501.21951	402.12701
501.69376	398.76929
502.16803	403.37585
502.64227	401.02603
503.11652	394.15604
503.59079	403.06546
504.06503	405.3598
504.53931	401.00381
505.01355	411.59128
505.48779	413.50885
505.96207	415.41428
506.43631	416.5842
506.91058	424.52808
507.38483	429.69058
507.85907	424.14429
508.33334	439.45648
508.80759	432.18304
509.28183	437.0629
509.7561	437.56717
510.23035	440.13052
510.70462	438.16559
511.17886	441.93881
511.65311	443.1077
512.12738	461.84799
512.60162	470.19611
513.07587	488.37131
513.55011	481.58688
514.02441	488.53009
514.49866	493.64963
514.9729	507.10425
515.44714	521.07538
515.92139	515.18781
516.39569	524.51611
516.86993	541.0531
517.34418	547.7865
517.81842	561.8299
518.29266	550.91864
518.76697	567.82123
519.24121	572.16211
519.71545	577.03375
520.1897	579.51758
520.66394	589.92554
521.13818	587.20386
521.61249	588.98468
522.08673	581.93079
522.56097	589.68811
523.03522	561.21521
523.50946	559.9339
523.98376	572.48322
524.45801	561.59717
524.93225	563.79974
525.40649	549.98749
525.88074	524.50562
526.35504	523.08337
526.82928	533.26343
527.30353	527.50806
527.77777	518.31995
528.25201	518.59308
528.72626	513.6781
529.20056	497.65509
529.6748	483.5275
530.14905	476.07236
530.62329	469.47284
531.09753	461.54965
531.57184	461.7074
532.04608	466.39728
532.52032	450.52094
532.99457	449.09668
533.46881	443.90292
533.94312	442.40256
534.41736	429.73517
534.8916	416.94623
535.36584	429.99799
535.84009	428.77975
536.31439	436.5979
536.78864	406.93594
537.26288	426.77301
537.73712	409.12299
538.21136	407.67758
538.68561	413.66748
539.15991	408.92078
539.63416	399.46521
540.1084	405.04071
540.58264	399.60132
541.05688	397.74265
541.53119	393.66376
542.00543	390.59613
542.47968	394.20764
542.95392	399.07782
543.42816	401.47485
543.90247	399.98218
544.37671	401.76065
544.85095	407.06528
545.3252	406.6109
545.79944	404.24619
546.27374	405.21017
546.74799	406.88712
547.22223	406.20001
547.69647	407.82098
548.17072	409.03403
548.64496	405.24643
549.11926	394.59042
549.59351	386.98111
550.06775	403.36661
550.54199	412.44742
551.01624	385.97974
551.49054	402.50095
551.96478	392.86664
552.43903	383.60565
552.91327	383.69598
553.38751	381.26248
553.86182	384.33051
554.33606	387.76721
554.8103	384.34134
555.28455	390.664
555.75879	378.29465
556.23303	384.44196
556.70734	389.8472
557.18158	379.69189
557.65582	377.23282
558.13007	371.65747
558.60431	367.8349
559.07861	367.58862
559.55286	378.23254
560.0271	384.57242
560.50134	368.83353
560.97559	362.77313
561.44989	369.1893
561.92413	368.06055
562.39838	371.9183
562.87262	372.25723
563.34686	375.70798
563.82117	376.63101
564.29541	379.37579
564.76965	378.52344
565.2439	375.47015
565.71814	373.45023
566.19238	368.33212
566.66669	374.68912
567.14093	368.95944
567.61517	366.23737
568.08942	377.54892
568.56366	367.24438
569.03796	373.12811
569.51221	370.78552
569.98645	389.84457
570.46069	394.25891
570.93494	382.99072
571.40924	385.89499
571.88348	388.60657
572.35773	392.95517
572.83197	388.84396
573.30621	391.13486
573.78052	389.88089
574.25476	396.77921
574.729	401.18591
575.20325	401.71384
575.67749	393.80173
576.15173	396.28165
576.62604	398.00592
577.10028	402.92682
577.57452	418.40646
578.04877	410.9881
578.52301	401.56131
578.99731	416.8194
579.47156	420.75909
579.9458	415.52139
580.42004	423.62897
580.89429	434.25317
581.36859	430.19907
581.84283	422.77451
582.31708	416.67838
582.79132	423.25275
583.26556	423.86111
583.73981	446.9082
584.21411	444.4772
584.68835	453.75897
585.1626	475.03397
585.63684	449.00101
586.11108	437.72534
586.58539	456.12531
587.05963	448.88461
587.53387	465.15433
588.00812	466.29874
588.48236	467.50766
588.95667	477.91214
589.43091	486.5817
589.90515	489.23813
590.37939	502.76349
590.85364	498.22672
591.32794	478.71371
591.80219	498.6384
592.27643	508.10202
592.75067	518.13696
593.22491	519.58057
593.69916	531.64294
594.17346	540.13397
594.64771	525.97437
595.12195	537.25293
595.59619	551.15552
596.07043	552.68567
596.54474	565.15582
597.01898	569.49683
597.49323	579.3667
597.96747	597.46045
598.44171	599.98816
598.91602	612.58783
599.39026	628.63727
599.8645	632.69702
600.33875	632.10529
600.81299	651.68591
601.28729	669.98474
601.76154	674.51935
602.23578	685.24872
602.71002	721.22687
603.18427	731.05322
603.65851	740.85333
604.13281	745.94824
604.60706	749.7998
605.0813	787.18182
605.55554	787.2948
606.02979	793.74713
606.50409	832.87469
606.97833	849.27521
607.45258	856.18726
607.92682	874.22089
608.40106	885.93695
608.87537	895.573
609.34961	922.98578
609.82385	929.45337
610.2981	924.7605
610.77234	961.16956
611.24658	987.17914
611.72089	997.44849
612.19513	1012.272
612.66937	1043.0452
613.14362	1042.8213
613.61786	1053.1863
614.09216	1091.0756
614.56641	1095.7777
615.04065	1123.7424
615.51489	1156.5425
615.98914	1188.923
616.46344	1209.0013
616.93768	1232.2096
617.41193	1267.3284
617.88617	1263.4845
618.36041	1285.085
618.83472	1323.2292
619.30896	1339.58
619.7832	1350.2328
620.25745	1359.1528
620.73169	1367.7188
621.20593	1370.5007
621.68024	1383.8373
622.15448	1424.4994
622.62872	1427.3986
623.10297	1426.1324
623.57721	1447.5398
624.05151	1439.7606
624.52576	1450.1934
625	1424.4171
625.47424	1441.6006
625.94849	1447.1003
626.42279	1476.5211
626.89703	1428.9265
627.37128	1428.5867
627.84552	1456.641
628.31976	1430.8235
628.79407	1414.1708
629.26831	1468.6305
629.74255	1442.015
630.2168	1391.8535
630.69104	1400.2896
631.16528	1397.0682
631.63959	1372.0863
632.11383	1365.3746
632.58807	1332.3627
633.06232	1296.0347
633.53656	1279.0543
634.01086	1270.2606
634.48511	1254.5511
634.95935	1222.7488
635.43359	1194.1925
635.90784	1185.2975
636.38214	1147.9753
636.85638	1095.8844
637.33063	1063.8844
637.80487	1009.5284
638.27911	967.81549
638.75342	944.8985
639.22766	940.46307
639.7019	899.87946
640.17615	855.41296
640.65039	834.19318
641.12463	794.96906
641.59894	775.89911
642.07318	764.47992
642.54742	724.93555
643.02167	709.89941
643.49591	673.65308
643.97021	692.72589
644.44446	665.8479
644.9187	692.87335
645.39294	688.6947
645.86719	676.79199
646.34149	653.27301
646.81573	657.2027
647.28998	657.41266
647.76422	655.10938
648.23846	653.59076
648.71271	648.76746
649.18701	661.31677
649.66125	655.80548
650.1355	659.67004
650.60974	663.65613
651.08398	670.21936
651.55829	679.17981
652.03253	691.12878
652.50677	685.89569
652.98102	691.95428
653.45526	712.57709
653.92957	705.35571
654.40381	704.53394
654.87805	719.02167
655.35229	722.43134
655.82654	721.66565
656.30084	717.62756
656.77509	722.8797
657.24933	726.42029
657.72357	711.63556
658.19781	700.40948
658.67206	706.15875
659.14636	693.39874
659.62061	693.56708
660.09485	688.72217
660.56909	671.65839
661.04333	663.87555
661.51764	662.44824
661.99188	654.81769
662.46613	652.7215
662.94037	629.88055
663.41461	600.58545
663.88892	613.0791
664.36316	602.41254
664.8374	593.354
665.31165	573.8717
665.78589	580.19586
666.26019	565.94446
666.73444	566.90448
667.20868	542.78436
667.68292	542.56683
668.15717	544.7395
668.63141	545.45557
669.10571	530.73871
669.57996	515.42456
670.0542	512.12177
670.52844	500.53619
671.00269	493.71066
671.47699	494.39789
671.95123	486.89636
672.42548	485.05127
672.89972	480.3233
673.37396	476.75134
673.84827	476.66382
674.32251	455.72281
674.79675	456.28986
675.271	453.33881
675.74524	447.84277
676.21948	449.86349
676.69379	441.75009
677.16803	443.97739
677.64227	436.35019
678.11652	441.63263
678.59076	431.20694
679.06506	417.79318
679.53931	442.63544
680.01355	429.44849
680.48779	412.99088
680.96204	415.41049
681.43634	419.86816
681.91058	417.31665
682.38483	406.33987
682.85907	415.17664
683.33331	405.37933
683.80762	397.97391
684.28186	406.34549
684.7561	406.08783
685.23035	383.23676
685.70459	389.67624
686.17883	405.15469
686.65314	390.02872
687.12738	396.32053
687.60162	390.71475
688.07587	377.05765
688.55011	367.68423
689.02441	371.82547
689.49866	379.01004
689.9729	376.51559
690.44714	380.55554
690.92139	379.41919
691.39569	365.9762
691.86993	358.82202
692.34418	355.21609
692.81842	362.31796
693.29266	364.90497
693.76697	353.23367
694.24121	350.32861
694.71545	349.1586
695.1897	343.03699
695.66394	338.91223
696.13818	338.0611
696.61249	339.35565
697.08673	341.21036
697.56097	345.29636
698.03522	339.47095
698.50946	356.45074
698.98376	349.4071
699.45801	349.45209
699.93225	355.9245
700.40649	341.23935
700.88074	320.75171
701.35504	335.02841
701.82928	332.7673
702.30353	332.35745
702.77777	343.9693
703.25201	349.12875
703.72626	323.54395
704.20056	331.42834
704.6748	343.62549
705.14905	348.99399
705.62329	327.90878
706.09753	346.17603
706.57184	340.81677
707.04608	349.49899
707.52032	341.14777
707.99457	332.31631
708.46881	337.21738
708.94312	320.1897
709.41736	330.02191
709.8916	340.10776
710.36584	335.47305
710.84009	341.47318
711.31439	337.57562
711.78864	338.9249
712.26288	341.52579
712.73712	346.17422
713.21136	342.09586
713.68561	333.23508
714.15991	329.23553
714.63416	330.00293
715.1084	329.05148
715.58264	326.8645
716.05688	326.17462
716.53119	324.47266
717.00543	329.02097
717.47968	330.78961
717.95392	336.3251
718.42816	327.39859
718.90247	324.72372
719.37671	330.56528
719.85095	324.53067
720.3252	324.0528
720.79944	331.90164
721.27374	339.82474
721.74799	329.03946
722.22223	327.0824
722.69647	336.65811
723.17072	328.12271
723.64496	326.23813
724.11926	318.16302
724.59351	318.33203
725.06775	316.82138
725.54199	327.24545
726.01624	342.02921
726.49054	330.01447
726.96478	329.04977
727.43903	330.45166
727.91327	326.40775
728.38751	319.19208
728.86182	322.77832
729.33606	318.82312
729.8103	342.12997
730.28455	329.78317
730.75879	332.11481
731.23303	320.302
731.70734	329.41721
732.18158	333.37869
732.65582	323.30923
733.13007	337.2211
733.60431	323.46817
734.07861	323.23956
734.55286	319.18866
735.0271	328.70587
735.50134	312.54724
735.97559	325.20874
736.44989	317.95517
736.92413	331.52512
737.39838	338.71967
737.87262	343.15622
738.34686	336.51053
738.82117	325.0755
739.29541	340.36514
739.76965	323.30511
740.2439	320.71899
740.71814	318.44476
741.19238	322.43689
741.66669	333.89542
742.14093	330.17841
742.61517	321.75168
743.08942	339.2146
743.56366	345.05551
744.03796	331.92929
744.51221	332.23276
744.98645	330.84991
745.46069	339.81891
745.93494	327.63956
746.40924	329.65558
746.88348	333.7655
747.35773	335.90283
747.83197	341.44064
748.30621	339.33444
748.78052	328.55185
749.25476	319.1535
749.729	326.15015
750.20325	336.42722
750.67749	332.21558
751.15173	340.85159
751.62604	344.98508
752.10028	338.93417
752.57452	347.87582
753.04877	346.39249
753.52301	334.79657
753.99731	328.31506
754.47156	333.25052
754.9458	345.55573
755.42004	346.83936
755.89429	345.05856
756.36859	347.80667
756.84283	353.36884
757.31708	358.18564
757.79132	360.43921
758.26556	358.94522
758.73981	352.62302
759.21411	345.06033
759.68835	348.95261
760.1626	358.57697
760.63684	360.6066
761.11108	356.84613
761.58539	348.04929
762.05963	359.21185
762.53387	366.93512
763.00812	350.53763
763.48236	350.2695
763.95667	354.34219
764.43091	365.78976
764.90515	359.30057
765.37939	361.20984
765.85364	359.51355
766.32794	359.99127
766.80219	363.11725
767.27643	364.13678
767.75067	371.14011
768.22491	377.78159
768.69916	372.37238
769.17346	368.81631
769.64771	385.37106
770.12195	392.22198
770.59619	394.69882
771.07043	390.29507
771.54474	391.00977
772.01898	366.04083
772.49323	371.41235
772.96747	395.71002
773.44171	397.88617
773.91602	389.1106
774.39026	409.3566
774.8645	407.62491
775.33875	390.4339
775.81299	395.28882
776.28729	398.64938
776.76154	400.62982
777.23578	399.11996
777.71002	408.62888
778.18427	410.87848
778.65851	415.83154
779.13281	418.10739
779.60706	408.69183
780.0813	418.8399
780.55554	411.12384
781.02979	431.79303
781.50409	447.21909
781.97833	455.75931
782.45258	432.07901
782.92682	437.61395
783.40106	453.71725
783.87537	448.36295
784.34961	438.95392
784.82385	454.95148
785.2981	464.31433
785.77234	464.87003
786.24658	480.2717
786.72089	481.86514
787.19513	493.43048
787.66937	482.48602
788.14362	504.65149
788.61786	504.46207
789.09216	522.64862
789.56641	536.4032
790.04065	534.54816
790.51489	552.42462
790.98914	569.69244
791.46344	562.4165
791.93768	562.87964
792.41193	581.61798
792.88617	596.94043
793.36041	593.5647
793.83472	576.58893
794.30896	603.97797
794.7832	624.11493
795.25745	597.01141
795.73169	606.69128
796.20593	614.12744
796.68024	618.98309
797.15448	604.07111
797.62872	616.77234
798.10297	612.03644
798.57721	620.38275
799.05151	613.29877
799.52576	616.84143
800	624.64465
800.47424	609.19135
800.94849	625.66907
801.42279	626.24756
801.89703	615.83698
802.37128	608.41223
802.84552	613.13483
803.31976	601.47626
803.79407	576.46851
804.26831	578.50647
804.74255	592.3847
805.2168	573.12787
805.69104	569.2691
806.16528	558.90411
806.63959	560.69916
807.11383	556.41772
807.58807	553.9762
808.06232	546.97772
808.53656	552.40045
809.01086	541.19397
809.48511	541.21906
809.95935	544.17975
810.43359	525.68854
810.90784	525.29108
811.38214	532.43457
811.85638	522.97864
812.33063	515.31671
812.80487	521.58484
813.27911	514.37585
813.75342	521.85504
814.22766	515.57965
814.7019	508.24295
815.17615	507.69846
815.65039	496.30228
816.12463	487.79929
816.59894	485.25671
817.07318	494.08817
817.54742	500.03366
818.02167	497.26956
818.49591	494.89923
818.97021	479.33453
819.44446	480.62122
819.9187	481.53189
820.39294	479.99973
820.86719	481.42966
821.34149	490.98587
821.81573	481.89774
822.28998	469.62405
822.76422	481.79288
823.23846	485.5531
823.71271	481.32452
824.18701	478.20251
824.66125	485.04385
825.1355	480.38663
825.60974	490.91403
826.08398	489.49457
826.55829	491.80884
827.03253	487.6337
827.50677	490.71719
827.98102	499.42975
828.45526	494.28683
828.92957	489.25485
829.40381	492.99557
829.87805	492.96475
830.35229	498.75461
830.82654	500.36362
831.30084	513.63202
831.77509	505.31635
832.24933	509.25006
832.72357	533.57489
833.19781	523.05951
833.67206	532.57056
834.14636	530.76782
834.62061	533.15454
835.09485	537.67206
835.56909	556.31274
836.04333	562.93665
836.51764	561.65991
836.99188	552.05432
837.46613	560.98901
837.94037	574.19006
838.41461	575.01526
838.88892	564.12903
839.36316	568.91144
839.8374	575.17706
840.31165	586.40021
840.78589	588.97089
841.26019	591.5791
841.73444	590.59454
842.20868	570.68414
842.68292	573.59302
843.15717	568.11884
843.63141	550.25696
844.10571	565.78894
844.57996	571.46423
845.0542	571.22015
845.52844	559.26141
846.00269	553.11127
846.47699	548.83252
846.95123	550.29315
847.42548	553.64404
847.89972	555.74915
848.37396	564.01642
848.84827	550.29523
849.32251	562.94641
849.79675	563.15259
850.271	571.59222
850.74524	579.80627
851.21948	585.59857
851.69379	600.28064
852.16803	604.32422
852.64227	595.72406
853.11652	611.20764
853.59076	611.80969
854.06506	622.99963
854.53931	611.07916
855.01355	608.17889
855.48779	599.84778
855.96204	598.55225
856.43634	592.52863
856.91058	583.08911
857.38483	572.09204
857.85907	553.2796
858.33331	552.17944
858.80762	545.03235
859.28186	525.60736
859.7561	524.9942
860.23035	523.61536
860.70459	511.44424
861.17883	520.76007
861.65314	501.67392
862.12738	512.20032
862.60162	499.71075
863.07587	483.04892
863.55011	466.77914
864.02441	455.41949
864.49866	460.80527
864.9729	455.45407
865.44714	444.19962
865.92139	443.90186
866.39569	459.04135
866.86993	440.89255
867.34418	442.49823
867.81842	447.52151
868.29266	434.84601
868.76697	439.93893
869.24121	425.23764
869.71545	436.9151
870.1897	432.33554
870.66394	430.50021
871.13818	414.51498
871.61249	410.87222
872.08673	423.31152
872.56097	407.5726
873.03522	417.31729
873.50946	409.93945
873.98376	414.48962
874.45801	413.47784
874.93225	402.57593
875.40649	408.33823
875.88074	400.16595
876.35504	407.82132
876.82928	397.37338
877.30353	403.04404
877.77777	409.37595
878.25201	425.86661
878.72626	409.10986
879.20056	416.8678
879.6748	412.13364
880.14905	400.15781
880.62329	409.4899
881.09753	419.0632
881.57184	416.46356
882.04608	419.65479
882.52032	419.60776
882.99457	416.60648
883.46881	416.86395
883.94312	414.57108
884.41736	417.4776
884.8916	424.73642
885.36584	437.08096
885.84009	437.71982
886.31439	428.83414
886.78864	425.13202
887.26288	426.25815
887.73712	429.51242
888.21136	431.22336
888.68561	424.84644
889.15991	426.82196
889.63416	442.68259
890.1084	452.517
890.58264	451.8725
891.05688	446.81299
891.53119	451.14786
892.00543	447.22742
892.47968	433.629
892.95392	435.38254
893.42816	455.63229
893.90247	462.27475
894.37671	449.77441
894.85095	455.9985
895.3252	455.70816
895.79944	462.17523
896.27374	460.30759
896.74799	467.98398
897.22223	477.26672
897.69647	475.20148
898.17072	481.03452
898.64496	488.58939
899.11926	496.40637
899.59351	500.00049
900.06775	500.58188
900.54199	515.72333
901.01624	536.09412
901.49054	537.43909
901.96478	528.46503
902.43903	548.84741
902.91327	550.31067
903.38751	584.24646
903.86182	606.88617
904.33606	613.29004
904.8103	616.36066
905.28455	632.2467
905.75879	632.73151
906.23303	667.65613
906.70734	684.17358
907.18158	692.79993
907.65582	681.99823
908.13007	704.66302
908.60431	713.72473
909.07861	745.28119
909.55286	746.41888
910.0271	751.17908
910.50134	766.95477
910.97559	754.76031
911.44989	790.7879
911.92413	781.78308
912.39838	786.80847
912.87262	798.9057
913.34686	787.71619
913.82117	794.49725
914.29541	771.55133
914.76965	763.86987
915.2439	757.37274
915.71814	747.23712
916.19238	767.75208
916.66669	736.0675
917.14093	742.4906
917.61517	735.24463
918.08942	735.33875
918.56366	731.22272
919.03796	713.33374
919.51221	711.28711
919.98645	708.26678
920.46069	683.14935
920.93494	667.48071
921.40924	651.32312
921.88348	651.34296
922.35773	639.87274
922.83197	631.1134
923.30621	629.22607
923.78052	629.8653
924.25476	623.71332
924.729	615.19501
925.20325	606.69019
925.67749	599.64343
926.15173	603.68463
926.62604	599.63861
927.10028	571.59235
927.57452	565.7771
928.04877	560.43652
928.52301	561.49182
928.99731	545.96777
929.47156	551.98511
929.9458	568.83728
930.42004	558.50586
930.89429	554.76355
931.36859	553.276
931.84283	554.70508
932.31708	548.29633
932.79132	549.09827
933.26556	545.91455
933.73981	537.30103
934.21411	534.91901
934.68835	536.37787
935.1626	529.78284
935.63684	518.48444
936.11108	508.88156
936.58539	512.00366
937.05963	517.75958
937.53387	519.28839
938.00812	504.14819
938.48236	488.81738
938.95667	507.54391
939.43091	493.67947
939.90515	517.35364
940.37939	505.58252
940.85364	502.1402
941.32794	489.08612
941.80219	496.56717
942.27643	480.65744
942.75067	483.04834
943.22491	480.0015
943.69916	498.66647
944.17346	499.15414
944.64771	503.86539
945.12195	487.45459
945.59619	467.11368
946.07043	475.7822
946.54474	492.11938
947.01898	482.215
947.49323	483.90961
947.96747	484.70422
948.44171	483.92801
948.91602	485.51483
949.39026	490.8483
949.8645	487.4899
950.33875	478.26025
950.81299	474.79999
951.28729	463.29309
951.76154	465.76025
952.23578	477.66479
952.71002	487.078
953.18427	485.61905
953.65851	472.1601
954.13281	493.51404
954.60706	480.93915
955.0813	473.99307
955.55554	471.82263
956.02979	492.40115
956.50409	484.24103
956.97833	484.14441
957.45258	479.09546
957.92682	495.0914
958.40106	495.18375
958.87537	492.98419
959.34961	488.00821
959.82385	491.26202
960.2981	476.72723
960.77234	475.85913
961.24658	501.22119
961.72089	501.20486
962.19513	490.18671
962.66937	502.37466
963.14362	504.31543
963.61786	504.9635
964.09216	503.75562
964.56641	516.6496
965.04065	514.26678
965.51489	529.90161
965.98914	529.34869
966.46344	544.6488
966.93768	549.09564
967.41193	540.40686
967.88617	539.02356
968.36041	542.54187
968.83472	558.54388
969.30896	570.48322
969.7832	582.04163
970.25745	586.42639
970.73169	591.84015
971.20593	590.00763
971.68024	603.54675
972.15448	623.64069
972.62872	630.50995
973.10297	625.43219
973.57721	625.30121
974.05151	640.10248
974.52576	654.67328
975	630.39734
975.47424	637.37311
975.94849	638.44629
976.42279	657.45374
976.89703	656.1911
977.37128	647.65186
977.84552	651.84814
978.31976	621.31573
978.79407	668.61041
979.26831	632.97461
979.74255	639.86908
980.2168	630.25769
980.69104	626.34906
981.16528	631.61676
981.63959	619.93695
982.11383	633.92365
982.58807	628.18347
983.06232	621.63617
983.53656	611.9411
984.01086	625.60559
984.48511	612.67627
984.95935	620.84601
985.43359	606.45465
985.90784	607.84192
986.38214	599.93396
986.85638	603.54694
987.33063	615.63965
987.80487	611.64124
988.27911	608.14612
988.75342	591.66284
989.22766	593.31738
989.7019	599.57007
990.17615	583.00244
990.65039	583.60596
991.12463	591.05188
991.59894	587.39935
992.07318	590.27448
992.54742	594.69928
993.02167	597.50464
993.49591	598.27551
993.97021	610.52075
994.44446	600.66547
994.9187	583.01758
995.39294	589.72485
995.86719	584.79767
996.34149	567.26373
996.81573	600.18567
997.28998	574.82971
997.76422	596.07288
998.23846	606.94446
998.71271	593.58038
999.18701	613.65778
999.66125	612.36823
1000.1355	611.51392
1000.6097	619.71637
1001.084	626.23444
1001.5583	644.88391
1002.0325	654.58594
1002.5068	636.28314
1002.981	625.88263
1003.4553	647.67468
1003.9296	646.59863
1004.4038	651.41675
1004.8781	648.55133
1005.3523	654.50439
1005.8265	659.95679
1006.3008	656.87183
1006.7751	652.12866
1007.2493	651.10986
1007.7236	665.34003
1008.1978	649.87531
1008.6721	641.9715
1009.1464	629.32709
1009.6206	638.74225
1010.0948	633.26758
1010.5691	647.85315
1011.0433	619.26331
1011.5176	622.48016
1011.9919	630.98553
1012.4661	610.74884
1012.9404	627.5166
1013.4146	618.26544
1013.8889	621.71411
1014.3632	624.34009
1014.8374	625.53314
1015.3116	597.63922
1015.7859	617.24402
1016.2602	607.39478
1016.7344	596.35394
1017.2087	593.97192
1017.6829	607.32324
1018.1572	601.80164
1018.6314	593.81702
1019.1057	597.22272
1019.58	590.2666
1020.0542	587.79242
1020.5284	594.20569
1021.0027	605.82385
1021.477	602.78088
1021.9512	602.08191
1022.4255	595.07361
1022.8997	574.36487
1023.374	576.84235
1023.8483	575.24084
1024.3225	576.67816
1024.7968	575.30133
1025.271	559.62238
1025.7452	582.47461
1026.2195	569.46497
1026.6937	555.11536
1027.168	553.33484
1027.6423	586.38568
1028.1166	570.01855
1028.5908	574.35522
1029.0651	553.0141
1029.5393	570.00458
1030.0135	563.14917
1030.4878	551.53101
1030.962	555.84052
1031.4363	550.41217
1031.9105	557.28815
1032.3848	555.19006
1032.8591	542.00177
1033.3334	543.61475
1033.8076	548.07867
1034.2819	548.53424
1034.7561	543.62372
1035.2303	542.93121
1035.7046	549.16461
1036.1788	527.21796
1036.6531	536.65955
1037.1273	524.40417
1037.6017	536.83112
1038.0759	542.40607
1038.5502	521.47864
1039.0244	533.60339
1039.4987	530.01886
1039.9729	524.65149
1040.4471	534.08917
1040.9214	519.80493
1041.3956	510.97134
1041.8699	508.37805
1042.3441	526.85101
1042.8185	522.32092
1043.2927	510.51273
1043.767	507.88589
1044.2412	509.24576
1044.7155	503.50446
1045.1897	513.77716
1045.6639	517.30371
1046.1382	504.52744
1046.6124	497.1391
1047.0867	501.96347
1047.561	510.55164
1048.0353	511.21146
1048.5095	491.71384
1048.9838	491.35291
1049.458	494.40048
1049.9323	498.46967
1050.4065	488.99948
1050.8807	482.81488
1051.355	479.02905
1051.8292	461.14246
1052.3035	456.94589
1052.7778	484.68771
1053.2521	476.97214
1053.7263	464.27167
1054.2006	479.74261
1054.6748	472.16959
1055.149	482.0304
1055.6233	461.18127
1056.0975	457.87283
1056.5718	460.87756
1057.046	462.55966
1057.5204	457.40451
1057.9946	459.91788
1058.4689	472.27432
1058.9431	455.5752
1059.4174	448.23114
1059.8916	457.88757
1060.3658	461.16077
1060.8401	447.21075
1061.3143	439.48135
1061.7886	438.53265
1062.2628	438.87991
1062.7372	440.27069
1063.2114	447.10263
1063.6857	435.20862
1064.1599	437.34531
1064.6342	433.42255
1065.1084	440.68384
1065.5826	434.24655
1066.0569	435.74826
1066.5311	423.76422
1067.0054	412.58267
1067.4796	426.19217
1067.954	418.12811
1068.4282	421.62057
1068.9025	422.0827
1069.3767	413.69318
1069.851	410.59946
1070.3252	411.87872
1070.7994	412.10287
1071.2737	411.63882
1071.7479	406.41113
1072.2222	411.24304
1072.6965	401.92807
1073.1708	399.55017
1073.645	403.63062
1074.1193	404.68958
1074.5935	395.22882
1075.0677	398.17111
1075.542	400.4407
1076.0162	400.22241
1076.4905	392.37473
1076.9647	389.25052
1077.439	401.15686
1077.9133	394.15408
1078.3876	390.27463
1078.8618	389.63416
1079.3361	394.0253
1079.8103	393.56012
1080.2845	394.51892
1080.7588	401.76141
1081.233	390.80655
1081.7073	395.94452
1082.1815	412.07178
1082.6559	421.82104
1083.1301	436.5896
1083.6044	443.07553
1084.0786	460.7345
1084.5529	478.04401
1085.0271	475.3945
1085.5013	488.56448
1085.9756	448.09494
1086.4498	445.25906
1086.9241	424.31143
1087.3983	416.56119
1087.8727	396.53873
1088.3469	382.69724
1088.8212	377.24469
1089.2954	384.50708
1089.7697	390.56799
1090.2439	369.66156
1090.7181	367.14172
1091.1924	364.38409
1091.6666	363.54691
1092.1409	366.83609
1092.6152	365.34717
1093.0895	371.21664
1093.5637	370.25806
1094.038	364.33475
1094.5122	357.98523
1094.9865	368.99475
1095.4607	366.99329
1095.9349	356.89487
1096.4092	361.77628
1096.8834	365.98697
1097.3577	361.05798
1097.832	355.64169
1098.3063	368.76044
1098.7805	376.77313
1099.2548	355.08386
1099.729	355.88538
1100.2032	376.74121
1100.6775	360.33441
1101.1517	372.39182
1101.626	368.56671
1102.1002	362.26483
1102.5746	367.02545
1103.0488	354.07535
1103.5231	363.73737
1103.9973	371.06479
1104.4716	368.36383
1104.9458	358.66595
1105.42	352.34845
1105.8943	354.14505
1106.3685	356.43591
1106.8428	361.7746
1107.317	363.92255
1107.7914	351.67783
1108.2656	351.16382
1108.7399	358.34546
1109.2141	364.03894
1109.6884	363.77963
1110.1626	363.87521
1110.6368	353.71368
1111.1111	359.86237
1111.5853	350.97876
1112.0596	353.58502
1112.5339	358.57837
1113.0082	359.56726
1113.4824	349.2876
1113.9567	350.82138
1114.4309	354.22781
1114.9052	351.42123
1115.3794	369.12848
1115.8536	353.10184
1116.3279	347.40033
1116.8021	354.23212
1117.2764	354.11755
1117.7507	363.03406
1118.225	364.49265
1118.6992	360.67722
1119.1735	364.01566
1119.6477	359.76511
1120.1219	365.48917
1120.5962	370.89899
1121.0704	361.255
1121.5447	360.57904
1122.0189	367.09241
1122.4932	362.10834
1122.9675	353.96484
1123.4418	355.77798
1123.916	353.01953
1124.3903	356.23929
1124.8645	360.51453
1125.3387	351.48325
1125.813	336.7804
1126.2872	353.45374
1126.7615	359.73218
1127.2357	363.24469
1127.7101	356.91379
1128.1843	358.26852
1128.6586	367.36682
1129.1328	362.05325
1129.6071	359.42883
1130.0813	350.94772
1130.5555	351.76208
1131.0298	356.02307
1131.504	365.1153
1131.9783	369.25476
1132.4525	365.01718
1132.9269	356.14816
1133.4011	350.97491
1133.8754	353.77499
1134.3496	357.24124
1134.8239	365.19153
1135.2981	373.32681
1135.7723	359.34262
1136.2466	359.13593
1136.7208	359.57806
1137.1951	366.15176
1137.6694	367.59464
1138.1437	367.24326
1138.6179	359.09363
1139.0922	366.09491
1139.5664	359.52527
1140.0406	355.24731
1140.5149	361.48502
1140.9891	365.68283
1141.4634	363.60251
1141.9376	376.15005
1142.4119	372.09818
1142.8862	369.40646
1143.3605	361.87845
1143.8347	358.30609
1144.309	358.99292
1144.7832	371.47031
1145.2574	378.50092
1145.7317	377.81964
1146.2059	365.53497
1146.6802	361.72519
1147.1544	368.43588
1147.6288	367.87012
1148.103	361.56647
1148.5773	372.15152
1149.0515	368.41101
1149.5258	375.13724
1150	369.91876
1150.4742	371.85696
1150.9485	356.68161
1151.4227	372.10077
1151.897	374.41809
1152.3712	370.20847
1152.8456	380.67502
1153.3198	376.15939
1153.7941	387.27377
1154.2683	387.21194
1154.7426	382.30597
1155.2168	380.11172
1155.691	385.17279
1156.1653	385.10495
1156.6395	381.26382
1157.1138	375.4426
1157.5881	373.44067
1158.0624	360.80188
1158.5366	376.79822
1159.0109	386.49323
1159.4851	394.86008
1159.9594	388.81085
1160.4336	378.77084
1160.9078	373.5365
1161.3821	387.36737
1161.8563	370.41553
1162.3306	380.95193
1162.8049	395.24808
1163.2792	381.43558
1163.7534	389.67334
1164.2277	386.42667
1164.7019	391.38583
1165.1761	387.62479
1165.6504	394.18481
1166.1246	394.55957
1166.5989	392.48886
1167.0731	373.11401
1167.5475	378.87311
1168.0217	387.63156
1168.496	399.89053
1168.9702	398.42706
1169.4445	391.49402
1169.9187	393.22302
1170.3929	397.27966
1170.8672	413.06293
1171.3414	400.69269
1171.8157	398.4053
1172.2899	393.99792
1172.7643	387.58279
1173.2385	414.86902
1173.7128	404.97113
1174.187	402.8746
1174.6613	400.0011
1175.1355	407.16476
1175.6097	403.96097
1176.084	394.04172
1176.5582	398.22473
1177.0325	400.34543
1177.5068	403.74878
1177.9811	411.99567
1178.4553	408.16757
1178.9296	408.6019
1179.4038	416.63818
1179.8781	406.98895
1180.3523	415.12857
1180.8265	423.81909
1181.3008	416.60587
1181.775	416.9794
1182.2493	422.6257
1182.7236	413.57565
1183.1979	404.23428
1183.6721	426.38364
1184.1464	424.0787
1184.6206	424.21152
1185.0948	418.07071
1185.5691	411.43744
1186.0433	417.82556
1186.5176	420.20688
1186.9918	419.30511
1187.4661	416.34171
1187.9404	412.90076
1188.4147	425.27429
1188.8889	434.65015
1189.3632	432.67264
1189.8374	444.05392
1190.3116	436.98773
1190.7859	432.56027
1191.2601	436.03049
1191.7344	426.20563
1192.2086	419.94577
1192.683	427.67526
1193.1572	426.36758
1193.6315	432.00497
1194.1057	442.05911
1194.58	441.73727
1195.0542	434.07816
1195.5284	434.72601
1196.0027	434.18402
1196.4769	438.3349
1196.9512	435.13962
1197.4254	442.86517
1197.8998	444.84076
1198.374	429.18277
1198.8483	431.5632
1199.3225	448.48114
1199.7968	434.53577
1200.271	463.8862
1200.7452	445.79099
1201.2195	452.05652
1201.6937	443.23083
1202.168	458.34335
1202.6423	452.16162
1203.1166	459.74664
1203.5908	452.73923
1204.0651	462.63065
1204.5393	448.60907
1205.0135	448.91931
1205.4878	461.94141
1205.962	466.07217
1206.4363	471.65445
1206.9105	472.49496
1207.3848	470.5376
1207.8591	452.03827
1208.3334	454.84335
1208.8076	454.17758
1209.2819	455.711
1209.7561	455.48468
1210.2303	452.98578
1210.7046	469.9209
1211.1788	468.09933
1211.6531	486.63211
1212.1273	476.59534
1212.6017	475.49207
1213.0759	472.8255
1213.5502	470.37048
1214.0244	470.75616
1214.4987	477.33737
1214.9729	481.14563
1215.4471	477.16647
1215.9214	478.90665
1216.3956	477.28394
1216.8699	461.86386
1217.3441	463.55554
1217.8185	467.71011
1218.2927	476.09067
1218.767	475.96286
1219.2412	483.90268
1219.7155	478.86374
1220.1897	488.20908
1220.6639	475.50925
1221.1382	495.39398
1221.6124	491.47385
1222.0867	486.96057
1222.561	477.1369
1223.0353	484.77841
1223.5095	492.98575
1223.9838	491.14481
1224.458	495.72702
1224.9323	478.30447
1225.4065	489.71036
1225.8807	497.28864
1226.355	499.05228
1226.8292	489.37045
1227.3035	471.07794
1227.7778	496.47357
1228.2521	489.50754
1228.7263	493.10303
1229.2006	490.91971
1229.6748	481.19458
1230.149	490.01566
1230.6233	496.51465
1231.0975	504.37817
1231.5718	499.77762
1232.046	498.32144
1232.5204	500.30954
1232.9946	502.29175
1233.4689	501.21814
1233.9431	485.15918
1234.4174	492.78479
1234.8916	475.35065
1235.3658	496.97568
1235.8401	482.44016
1236.3143	486.18683
1236.7886	506.68149
1237.2628	500.81796
1237.7372	498.74542
1238.2114	486.03015
1238.6857	484.43246
1239.1599	493.3873
1239.6342	488.2435
1240.1084	496.16467
1240.5826	488.34552
1241.0569	479.16461
1241.5311	491.89597
1242.0054	490.23859
1242.4796	469.42206
1242.954	489.26733
1243.4282	483.4227
1243.9025	491.73462
1244.3767	493.25955
1244.851	486.58978
1245.3252	493.76431
1245.7994	482.5101
1246.2737	483.88318
1246.7479	496.82172
1247.2222	488.06625
1247.6965	486.46902
1248.1708	488.5939
1248.645	488.14874
1249.1193	481.12714
1249.5935	475.07773
1250.0677	499.87296
1250.542	483.21045
1251.0162	485.55487
1251.4905	479.8338
1251.9647	467.74295
1252.439	467.31732
1252.9133	485.78201
1253.3876	477.76312
1253.8618	490.13138
1254.3361	477.48776
1254.8103	471.94983
1255.2845	468.55258
1255.7588	471.13205
1256.233	466.75055
1256.7073	464.90518
1257.1815	459.14929
1257.6559	458.90292
1258.1301	455.12146
1258.6044	455.6384
1259.0786	449.50696
1259.5529	455.05905
1260.0271	451.27805
1260.5013	450.97363
1260.9756	457.40814
1261.4498	469.36963
1261.9241	459.37091
1262.3983	442.77017
1262.8727	437.03314
1263.3469	453.90485
1263.8212	452.38321
1264.2954	449.33609
1264.7697	453.68179
1265.2439	445.97198
1265.7181	441.5506
1266.1924	436.22067
1266.6666	439
1267.1409	427.94885
1267.6152	442.99521
1268.0895	437.42462
1268.5637	439.10083
1269.038	426.89142
1269.5122	427.29727
1269.9865	430.90442
1270.4607	435.68112
1270.9349	431.08502
1271.4092	427.03561
1271.8834	426.59769
1272.3577	423.59515
1272.832	426.97287
1273.3063	419.22714
1273.7805	421.42569
1274.2548	427.45062
1274.729	420.81076
1275.2032	407.55231
1275.6775	418.21027
1276.1517	413.14059
1276.626	410.51114
1277.1002	413.87292
1277.5746	400.60965
1278.0488	406.45111
1278.5231	413.76633
1278.9973	416.73108
1279.4716	404.34329
1279.9458	391.90231
1280.42	409.03912
1280.8943	408.86551
1281.3685	398.37955
1281.8428	400.91754
1282.317	418.41003
1282.7914	408.00131
1283.2656	396.00735
1283.7399	410.36783
1284.2141	399.06943
1284.6884	400.28473
1285.1626	401.84219
1285.6368	405.29572
1286.1111	406.54456
1286.5853	400.2713
1287.0596	402.65594
1287.5339	391.2229
1288.0082	386.66302
1288.4824	392.79456
1288.9567	384.56088
1289.4309	385.02728
1289.9052	394.95096
1290.3794	398.42752
1290.8536	388.07202
1291.3279	388.86755
1291.8021	388.99332
1292.2764	385.68051
1292.7507	390.60098
1293.225	382.23257
1293.6992	384.86261
1294.1735	394.13705
1294.6477	389.78806
1295.1219	395.245
1295.5962	379.55646
1296.0704	387.30518
1296.5447	383.55042
1297.0189	375.2514
1297.4932	378.76767
1297.9675	383.26187
1298.4418	385.17361
1298.916	380.0351
1299.3903	368.90817
1299.8645	358.35184
1300.3387	372.07703
1300.813	370.56995
1301.2872	361.95062
1301.7615	369.88416
1302.2357	375.36295
1302.7101	374.29132
1303.1843	366.06134
1303.6586	365.3685
1304.1328	374.80115
1304.6071	358.52762
1305.0813	368.93021
1305.5555	370.66934
1306.0298	373.52078
1306.504	365.00034
1306.9783	367.70569
1307.4525	366.12494
1307.9269	367.7692
1308.4011	376.25372
1308.8754	363.9379
1309.3496	375.11365
1309.8239	366.83072
1310.2981	372.24734
1310.7723	370.05304
1311.2466	360.44067
1311.7208	372.68076
1312.1951	376.14746
1312.6694	360.6467
1313.1437	361.26541
1313.6179	363.74136
1314.0922	352.79715
1314.5664	354.05359
1315.0406	367.32471
1315.5149	377.59824
1315.9891	379.83118
1316.4634	368.55719
1316.9376	365.70963
1317.4119	357.80569
1317.8862	357.89609
1318.3605	345.83469
1318.8347	361.93768
1319.309	360.18237
1319.7832	366.21729
1320.2574	364.55109
1320.7317	358.55173
1321.2059	361.75366
1321.6802	352.96823
1322.1544	350.06424
1322.6288	350.77356
1323.103	358.91995
1323.5773	346.51837
1324.0515	358.34821
1324.5258	349.48257
1325	351.11481
1325.4742	351.32968
1325.9485	355.27173
1326.4227	353.64285
1326.897	352.54321
1327.3712	352.21472
1327.8456	351.49121
1328.3198	349.31534
1328.7941	348.49866
1329.2683	347.56165
1329.7426	330.97852
1330.2168	348.71985
1330.691	351.04166
1331.1653	350.07446
1331.6395	340.24542
1332.1138	353.24438
1332.5881	356.76627
1333.0624	354.15292
1333.5366	340.84213
1334.0109	351.93198
1334.4851	356.26437
1334.9594	336.06952
1335.4336	353.98645
1335.9078	354.61349
1336.3821	349.25549
1336.8563	350.03644
1337.3306	338.68494
1337.8049	344.1922
1338.2792	346.26614
1338.7534	359.5094
1339.2277	348.10187
1339.7019	345.12753
1340.1761	355.47501
1340.6504	334.44003
1341.1246	346.05707
1341.5989	348.3512
1342.0731	342.88031
1342.5475	346.01822
1343.0217	347.38168
1343.496	341.6189
1343.9702	336.48917
1344.4445	337.81342
1344.9187	342.05707
1345.3929	342.11212
1345.8672	336.13068
1346.3414	346.05838
1346.8157	351.58966
1347.2899	339.64722
1347.7643	337.74097
1348.2385	340.91
1348.7128	343.56348
1349.187	339.69135
1349.6613	350.50305
1350.1355	333.48495
1350.6097	330.36346
1351.084	341.38318
1351.5582	346.3808
1352.0325	342.97174
1352.5068	325.93417
1352.9811	332.52975
1353.4553	344.79681
1353.9296	342.30408
1354.4038	346.52182
1354.8781	340.99399
1355.3523	328.23706
1355.8265	341.04132
1356.3008	349.17163
1356.775	334.34299
1357.2493	335.03186
1357.7236	333.66577
1358.1979	339.73492
1358.6721	340.28909
1359.1464	336.00333
1359.6206	340.267
1360.0948	345.11633
1360.5691	343.6409
1361.0433	334.18872
1361.5176	329.56079
1361.9918	323.63657
1362.4661	324.25873
1362.9404	332.05334
1363.4147	338.52255
1363.8889	336.4664
1364.3632	338.08936
1364.8374	329.58054
1365.3116	327.92148
1365.7859	336.55289
1366.2601	332.04193
1366.7344	349.03552
1367.2086	338.49023
1367.683	331.92831
1368.1572	331.78754
1368.6315	335.75995
1369.1057	339.89285
1369.58	337.45743
1370.0542	327.56512
1370.5284	329.93256
1371.0027	325.52359
1371.4769	338.38858
1371.9512	332.6286
1372.4254	330.93018
1372.8998	327.27402
1373.374	315.14902
1373.8483	327.82278
1374.3225	316.98972
1374.7968	319.45001
1375.271	321.83319
1375.7452	324.15707
1376.2195	319.73651
1376.6937	334.2435
1377.168	319.37152
1377.6423	318.30325
1378.1166	320.08353
1378.5908	320.95889
1379.0651	330.20773
1379.5393	328.62326
1380.0135	336.75314
1380.4878	331.58893
1380.962	317.8667
1381.4363	323.77567
1381.9105	327.77612
1382.3848	329.86227
1382.8591	336.19876
1383.3334	334.21057
1383.8076	330.01416
1384.2819	309.01755
1384.7561	320.72208
1385.2303	326.44595
1385.7046	329.44485
1386.1788	327.96304
1386.6531	325.53064
1387.1273	335.03918
1387.6017	334.90698
1388.0759	335.58124
1388.5502	326.92813
1389.0244	330.80023
1389.4987	329.15451
1389.9729	320.22729
1390.4471	320.76505
1390.9214	314.43292
1391.3956	325.39389
1391.8699	322.28943
1392.3441	323.2627
1392.8185	321.82852
1393.2927	306.49213
1393.767	319.9231
1394.2412	318.45541
1394.7155	313.93576
1395.1897	319.63806
1395.6639	322.04132
1396.1382	321.14343
1396.6124	317.47455
1397.0867	320.55267
1397.561	318.35025
1398.0353	328.44528
1398.5095	328.86478
1398.9838	325.12341
1399.458	317.61273
1399.9323	316.06805
1400.4065	324.81204
1400.8807	317.60162
1401.355	325.47208
1401.8292	330.30957
1402.3035	330.52634
1402.7778	328.14267
1403.2521	319.48349
1403.7263	320.05466
1404.2006	318.72565
1404.6748	315.45636
1405.149	316.86075
1405.6233	315.35852
1406.0975	313.89905
1406.5718	316.98587
1407.046	322.12643
1407.5204	318.82095
1407.9946	323.7934
1408.4689	310.33231
1408.9431	310.12598
1409.4174	324.07025
1409.8916	316.29025
1410.3658	324.49014
1410.8401	321.92999
1411.3143	325.69211
1411.7886	314.90891
1412.2628	319.49301
1412.7372	309.25256
1413.2114	324.38467
1413.6857	323.78183
1414.1599	309.27124
1414.6342	322.38754
1415.1084	320.15704
1415.5826	318.84256
1416.0569	314.84286
1416.5311	325.01553
1417.0054	323.47903
1417.4796	319.52106
1417.954	312.5759
1418.4282	319.52878
1418.9025	311.82706
1419.3767	311.21838
1419.851	321.23016
1420.3252	324.70087
1420.7994	322.48746
1421.2737	325.62967
1421.7479	329.92813
1422.2222	325.49542
1422.6965	328.76834
1423.1708	331.51364
1423.645	320.31552
1424.1193	312.0426
1424.5935	321.61746
1425.0677	316.3873
1425.542	325.7547
1426.0162	325.79926
1426.4905	327.67941
1426.9647	317.74408
1427.439	327.4736
1427.9133	334.84924
1428.3876	326.86072
1428.8618	319.36481
1429.3361	322.1731
1429.8103	317.72311
1430.2845	315.77734
1430.7588	320.66016
1431.233	332.50879
1431.7073	319.37314
1432.1815	317.87805
1432.6559	320.59549
1433.1301	314.06213
1433.6044	318.57913
1434.0786	317.8765
1434.5529	320.50238
1435.0271	314.91791
1435.5013	311.41058
1435.9756	324.64352
1436.4498	310.9144
1436.9241	320.58551
1437.3983	312.34128
1437.8727	307.84152
1438.3469	309.03555
1438.8212	315.43134
1439.2954	315.46536
1439.7697	310.30975
1440.2439	322.53909
1440.7181	327.38879
1441.1924	319.67422
1441.6666	314.47568
1442.1409	329.1207
1442.6152	308.32733
1443.0895	321.51871
1443.5637	320.36563
1444.038	308.77032
1444.5122	306.49615
1444.9865	303.04108
1445.4607	300.65979
1445.9349	321.81766
1446.4092	314.99591
1446.8834	315.02405
1447.3577	329.24582
1447.832	312.35559
1448.3063	295.51599
1448.7805	318.59155
1449.2548	315.93927
1449.729	304.62277
1450.2032	299.40472
1450.6775	319.13263
1451.1517	310.74243
1451.626	319.46524
1452.1002	327.5137
1452.5746	321.94751
1453.0488	307.1842
1453.5231	311.04639
1453.9973	304.57437
1454.4716	311.49826
1454.9458	322.83835
1455.42	305.35559
1455.8943	304.19656
1456.3685	316.30908
1456.8428	320.09738
1457.317	328.53577
1457.7914	326.96353
1458.2656	314.5051
1458.7399	312.44092
1459.2141	313.31186
1459.6884	314.89001
1460.1626	312.69565
1460.6368	315.21091
1461.1111	322.97784
1461.5853	320.58786
1462.0596	316.34872
1462.5339	323.82291
1463.0082	317.87405
1463.4824	315.37497
1463.9567	315.39319
1464.4309	311.61563
1464.9052	308.84262
1465.3794	307.48154
1465.8536	308.87518
1466.3279	307.2739
1466.8021	306.79272
1467.2764	316.68811
1467.7507	317.50766
1468.225	320.29007
1468.6992	318.94241
1469.1735	313.33023
1469.6477	310.30264
1470.1219	303.31366
1470.5962	319.03098
1471.0704	323.56131
1471.5447	323.34995
1472.0189	320.14114
1472.4932	315.64233
1472.9675	308.20306
1473.4418	318.96362
1473.916	318.67038
1474.3903	314.17767
1474.8645	310.08316
1475.3387	328.85797
1475.813	321.94995
1476.2872	310.79877
1476.7615	327.69244
1477.2357	312.33154
1477.7101	317.55957
1478.1843	319.99539
1478.6586	306.54327
1479.1328	319.07898
1479.6071	317.16122
1480.0813	324.39865
1480.5555	322.69485
1481.0298	318.48639
1481.504	323.76294
1481.9783	308.69962
1482.4525	303.94022
1482.9269	316.09515
1483.4011	309.15189
1483.8754	317.37253
1484.3496	310.76578
1484.8239	312.69925
1485.2981	317.70319
1485.7723	314.05679
1486.2466	319.12479
1486.7208	315.04745
1487.1951	305.71677
1487.6694	307.11777
1488.1437	321.98721
1488.6179	317.12405
1489.0922	315.16403
1489.5664	310.79437
1490.0406	307.03561
1490.5149	308.87735
1490.9891	302.74075
1491.4634	311.53491
1491.9376	321.13855
1492.4119	321.84814
1492.8862	312.12466
1493.3605	304.82635
1493.8347	314.49789
1494.309	311.85693
1494.7832	302.58194
1495.2574	309.49103
1495.7317	312.31219
1496.2059	316.83096
1496.6802	316.08997
1497.1544	312.47156
1497.6288	306.65845
1498.103	318.18097
1498.5773	313.26169
1499.0515	305.49387
1499.5258	308.5658
1500	311.5571
