100	896.73236
100.491	917.23596
100.98199	972.836
101.47299	996.49054
101.964	1043.8911
102.45499	1134.3058
102.94599	1182.5709
103.43699	1270.7704
103.92799	1367.697
104.41898	1497.9395
104.90998	1656.271
105.40099	1827.1
105.89198	2023.193
106.38298	2298.3672
106.87398	2708.9182
107.36497	3262.2336
107.85597	3951.5195
108.34697	4732.2139
108.83797	5549.4082
109.32897	6324.2754
109.81997	7023.1616
110.31097	7362.208
110.80196	7319.394
111.29296	6990.0908
111.78396	6322.0107
112.27496	5397.104
112.76596	4451.7432
113.25696	3617.094
113.74796	2952.8542
114.23895	2436.7354
114.72995	2041.9561
115.22095	1821.713
115.71194	1659.1147
116.20295	1522.6726
116.69395	1425.7004
117.18494	1347.4404
117.67594	1202.838
118.16694	1190.0493
118.65794	1139.1447
119.14893	1065.1759
119.63993	1032.9778
120.13094	1026.6213
120.62193	1021.7882
121.11293	997.16821
121.60393	973.56689
122.09492	957.73663
122.58592	941.85254
123.07692	919.77496
123.56792	879.24872
124.05892	890.81622
124.54992	854.89795
125.04092	857.64459
125.53191	854.79114
126.02291	805.4682
126.51391	861.16376
127.00491	846.88068
127.49591	854.38458
127.98691	832.65186
128.47791	803.52515
128.9689	790.7511
129.4599	803.75214
129.9509	811.12903
130.44189	799.88104
130.93289	810.25409
131.42389	850.55609
131.91489	871.24591
132.4059	867.22528
132.8969	863.90912
133.38789	878.30457
133.87889	908.09253
134.36989	949.44464
134.86089	998.35095
135.35188	1017.1267
135.84288	1097.5393
136.33388	1166.6544
136.82487	1255.5808
137.31587	1369.5432
137.80687	1526.9989
138.29787	1701.2941
138.78886	1910.9528
139.27986	2209.1047
139.77087	2580.4333
140.26187	3001.8247
140.75287	3447.6313
141.24387	3878.6775
141.73486	4189.9844
142.22586	4334.6563
142.71686	4298.9492
143.20786	3990.5771
143.69885	3571.0469
144.18985	3066.6006
144.68085	2604.7886
145.17184	2202.9705
145.66284	1889.5918
146.15384	1665.101
146.64485	1495.5845
147.13585	1361.6978
147.62685	1251.3888
148.11784	1148.0598
148.60884	1062.7717
149.09984	1017.7925
149.59084	989.10913
150.08183	967.26154
150.57283	942.43695
151.06383	898.25348
151.55482	858.1026
152.04582	838.44128
152.53682	849.37885
153.02782	839.21832
153.51881	833.09271
154.00983	853.88306
154.50082	827.5766
154.99182	803.59607
155.48282	810.84467
155.97382	797.57117
156.46481	776.70593
156.95581	792.38464
157.44681	811.5918
157.93781	811.35449
158.4288	794.11713
158.9198	790.86212
159.4108	793.89551
159.90179	768.07745
160.39279	761.02496
160.8838	778.27026
161.3748	766.09174
161.8658	794.51477
162.3568	782.1062
162.84779	787.93408
163.33879	779.96124
163.82979	780.29584
164.32079	781.16498
164.81178	773.77734
165.30278	758.43921
165.79378	756.98804
166.28477	776.09998
166.77577	773.56927
167.26677	790.02692
167.75777	778.93024
168.24878	754.08521
168.73978	772.98035
169.23077	778.17163
169.72177	767.9278
170.21277	793.51215
170.70377	774.7973
171.19476	787.46515
171.68576	795.98199
172.17676	782.96509
172.66776	798.38501
173.15875	809.47552
173.64975	803.24652
174.14075	805.37823
174.63174	809.17767
175.12276	808.28833
175.61375	817.30371
176.10475	822.88123
176.59575	821.4032
177.08675	808.2594
177.57774	803.51245
178.06874	794.89825
178.55974	829.1355
179.05074	830.25555
179.54173	837.3847
180.03273	860.6781
180.52373	818.57648
181.01472	854.94098
181.50572	869.64771
181.99672	885.0423
182.48773	912.45844
182.97873	915.80396
183.46973	957.38745
183.96072	1010.4895
184.45172	1013.5651
184.94272	1039.2573
185.43372	1106.8386
185.92471	1167.9968
186.41571	1215.9154
186.90671	1289.8832
187.39771	1374.053
187.8887	1436.0576
188.3797	1475.9463
188.8707	1485.1545
189.36171	1520.6984
189.85271	1511.1327
190.3437	1450.4628
190.8347	1422.7416
191.3257	1383.0006
191.8167	1320.0756
192.30769	1278.8215
192.79869	1247.3556
193.28969	1203.8862
193.78069	1166.3932
194.27168	1152.451
194.76268	1143.2175
195.25368	1140.2715
195.74467	1192.4398
196.23567	1227.1541
196.72668	1235.3308
197.21768	1289.8893
197.70868	1312.12
198.19968	1403.339
198.69067	1484.3884
199.18167	1555.2946
199.67267	1612.1359
200.16367	1714.9744
200.65466	1802.7107
201.14566	1917.5005
201.63666	2038.7699
202.12766	2145.4709
202.61865	2251.9822
203.10965	2339.9802
203.60066	2370.3403
204.09166	2359.9976
204.58266	2351.3865
205.07365	2307.1941
205.56465	2195.7742
206.05565	2109.301
206.54665	1975.7119
207.03764	1860.4268
207.52864	1763.2037
208.01964	1689.0056
208.51064	1587.9763
209.00163	1563.8907
209.49263	1502.4095
209.98363	1450.11
210.47462	1405.4152
210.96564	1342.7533
211.45663	1313.8213
211.94763	1291.98
212.43863	1272.3109
212.92963	1242.0355
213.42062	1216.5819
213.91162	1199.8522
214.40262	1167.8041
214.89362	1142.7631
215.38461	1127.7172
215.87561	1082.1406
216.36661	1068.4714
216.8576	1028.2657
217.3486	1017.5724
217.8396	1015.241
218.33061	954.66278
218.82161	959.45953
219.31261	929.08307
219.8036	918.98285
220.2946	894.12329
220.7856	873.40051
221.2766	873.58856
221.76759	889.67529
222.25859	852.55762
222.74959	851.13086
223.24059	851.112
223.73158	851.99213
224.22258	839.35693
224.71358	811.36853
225.20459	809.67505
225.69559	821.34106
226.18658	817.17712
226.67758	795.43622
227.16858	803.7821
227.65958	816.69092
228.15057	797.65436
228.64157	782.60712
229.13257	793.30267
229.62357	783.75128
230.11456	794.58374
230.60556	778.05231
231.09656	763.18085
231.58755	752.80084
232.07855	755.29504
232.56956	747.42877
233.06056	743.16333
233.55156	734.82861
234.04256	737.04706
234.53355	757.86914
235.02455	755.31866
235.51555	736.24957
236.00655	740.40271
236.49754	743.06573
236.98854	722.37012
237.47954	721.78424
237.97054	742.70825
238.46153	728.16394
238.95253	738.71521
239.44354	727.14966
239.93454	724.63849
240.42554	743.07672
240.91653	728.5614
241.40753	737.97339
241.89853	739.7749
242.38953	753.80164
242.88052	772.03253
243.37152	744.61719
243.86252	711.52344
244.35352	737.04633
244.84451	742.86963
245.33551	733.50385
245.82651	751.09851
246.3175	764.28925
246.80852	743.1424
247.29951	729.06409
247.79051	728.29968
248.28151	725.50122
248.77251	736.38098
249.2635	723.7774
249.7545	755.80615
250.2455	772.42688
250.7365	746.71503
251.22749	742.49689
251.71849	759.52435
252.20949	772.27704
252.70049	764.9364
253.19148	772.2677
253.6825	785.33148
254.17349	793.47858
254.66449	796.00946
255.15549	777.2171
255.64648	766.90149
256.13748	769.45679
256.62848	788.48346
257.11948	801.49512
257.61047	817.19214
258.10147	813.08704
258.59247	816.24908
259.08347	846.12988
259.57446	845.26379
260.06546	842.9967
260.55646	882.55084
261.04745	882.00623
261.53845	892.34998
262.02945	917.00983
262.52045	950.26093
263.01144	986.21088
263.50244	992.89972
263.99344	1019.6589
264.48447	1037.535
264.97546	1087.1801
265.46646	1072.907
265.95746	1089.9294
266.44846	1115.1676
266.93945	1091.7996
267.43045	1073.9698
267.92145	1044.4689
268.41245	1046.7385
268.90344	1012.4756
269.39444	994.82697
269.88544	988.66083
270.37643	972.01373
270.86743	958.78772
271.35843	948.19269
271.84943	940.28241
272.34042	942.21088
272.83142	932.44489
273.32242	912.7655
273.81342	919.28674
274.30441	898.81049
274.79541	899.22803
275.28641	918.45062
275.7774	890.74756
276.2684	895.63495
276.7594	905.23718
277.2504	924.6297
277.74139	889.69446
278.23239	899.72485
278.72342	919.97522
279.21442	912.47943
279.70541	908.37762
280.19641	907.71613
280.68741	906.33612
281.17841	941.6673
281.6694	952.73291
282.1604	928.86194
282.6514	923.1405
283.1424	924.1358
283.63339	925.72565
284.12439	945.91339
284.61539	954.87476
285.10638	940.17761
285.59738	941.09161
286.08838	946.67975
286.57938	946.47052
287.07037	975.39282
287.56137	965.62854
288.05237	962.39917
288.54337	982.19116
289.03436	986.15637
289.52536	969.19733
290.01636	995.8006
290.50735	995.32684
290.99835	1028.8987
291.48935	1016.8388
291.98035	1028.4866
292.47134	1040.9456
292.96237	1051.9366
293.45337	1032.1754
293.94437	1050.0402
294.43536	1066.043
294.92636	1063.79
295.41736	1069.9613
295.90836	1081.8826
296.39935	1081.0128
296.89035	1106.6434
297.38135	1123.8583
297.87234	1142.2491
298.36334	1185.2461
298.85434	1194.5685
299.34534	1201.1499
299.83633	1225.1726
300.32733	1220.9431
300.81833	1266.1796
301.30933	1277.5593
301.80032	1309.8008
302.29132	1361.0455
302.78232	1378.0281
303.27332	1396.9735
303.76431	1397.9579
304.25531	1431.0435
304.74631	1472.3892
305.2373	1485.9714
305.7283	1511.8715
306.2193	1543.5004
306.7103	1573.6263
307.20132	1599.2247
307.69232	1626.9486
308.18332	1661.8361
308.67432	1706.3872
309.16531	1734.7573
309.65631	1798.4908
310.14731	1856.2745
310.63831	1906.9196
311.1293	1976.0175
311.6203	2049.1726
312.1113	2129.1694
312.60229	2229.4771
313.09329	2327.8057
313.58429	2439.0994
314.07529	2577.157
314.56628	2714.6538
315.05728	2894.3752
315.54828	3106.8535
316.03928	3316.3828
316.53027	3554.9917
317.02127	3832.1001
317.51227	4114.5186
318.00327	4486.3296
318.49426	4845.7119
318.98526	5293.647
319.47626	5724.9238
319.96725	6067.2861
320.45825	6355.0439
320.94925	6617.6118
321.44028	6787.6309
321.93127	6902.832
322.42227	6910.9438
322.91327	6771.0039
323.40427	6617.6689
323.89526	6358.4204
324.38626	6103.0142
324.87726	5872.3672
325.36826	5632.54
325.85925	5397.3823
326.35025	5160.541
326.84125	4948.4194
327.33224	4814.3052
327.82324	4655.939
328.31424	4480.0288
328.80524	4308.8584
329.29623	4114.6548
329.78723	3938.6685
330.27823	3754.2493
330.76923	3586.1379
331.26022	3400.4968
331.75122	3250.793
332.24222	3091.7954
332.73322	2935.6775
333.22421	2820.0232
333.71521	2684.8806
334.20621	2568.7239
334.6972	2446.5107
335.1882	2326.5413
335.6792	2231.4905
336.17023	2164.6472
336.66122	2053.2039
337.15222	2009.6036
337.64322	1921.4652
338.13422	1817.7247
338.62521	1804.3861
339.11621	1752.2491
339.60721	1705.0443
340.09821	1653.3246
340.5892	1623.7698
341.0802	1574.8108
341.5712	1534.5886
342.06219	1502.063
342.55319	1487.8368
343.04419	1441.9175
343.53519	1424.6837
344.02618	1395.9252
344.51718	1362.1996
345.00818	1325.8976
345.49918	1296.0634
345.99017	1292.653
346.48117	1265.1667
346.97217	1223.5599
347.46317	1195.8334
347.95416	1189.6146
348.44516	1166.5199
348.93616	1151.8529
349.42715	1131.8782
349.91815	1128.894
350.40918	1098.4946
350.90018	1100.8126
351.39117	1088.7961
351.88217	1072.3789
352.37317	1095.7178
352.86417	1030.2338
353.35516	1057.1101
353.84616	1037.1973
354.33716	1021.1462
354.82816	1064.05
355.31915	1039.9645
355.81015	1023.804
356.30115	1019.3436
356.79214	994.62427
357.28314	999.47742
357.77414	1003.3389
358.26514	1006.5312
358.75613	985.11151
359.24713	987.01489
359.73813	992.34045
360.22913	972.89258
360.72012	978.36945
361.21112	997.55597
361.70212	994.54608
362.19312	1001.8876
362.68411	987.00977
363.17511	968.6217
363.66611	964.94989
364.1571	958.14386
364.64813	966.40314
365.13913	975.77844
365.63013	975.30408
366.12112	983.13135
366.61212	986.1192
367.10312	973.30902
367.59412	973.23456
368.08511	970.03821
368.57611	988.13928
369.06711	975.84802
369.55811	982.03107
370.0491	989.5722
370.5401	1006.2953
371.0311	972.15619
371.52209	995.03662
372.01309	1000.4482
372.50409	1011.9207
372.99509	1028.4126
373.48608	1009.3725
373.97708	1004.8209
374.46808	1015.5679
374.95908	1024.1311
375.45007	1044.8455
375.94107	1068.5757
376.43207	1072.5035
376.92307	1081.0742
377.41406	1098.1404
377.90506	1100.6183
378.39606	1123.9558
378.88708	1148.5214
379.37808	1150.3889
379.86908	1163.9795
380.36008	1191.6378
380.85107	1232.7076
381.34207	1251.7296
381.83307	1288.0258
382.32407	1327.9047
382.81506	1361.8621
383.30606	1401.7867
383.79706	1435.8815
384.28806	1468.7192
384.77905	1501.9406
385.27005	1546.1608
385.76105	1604.1274
386.25204	1676.6365
386.74304	1777.3905
387.23404	1891.1016
387.72504	2040.4579
388.21603	2221.5918
388.70703	2407.6348
389.19803	2636.0967
389.68903	2857.4543
390.18002	3035.6733
390.67102	3120.2
391.16202	3203.0461
391.65302	3176.4453
392.14401	3043.635
392.63501	2862.6724
393.12604	2656.6274
393.61703	2452.6257
394.10803	2266.3237
394.59903	2103.1379
395.09003	1970.9381
395.58102	1882.7865
396.07202	1788.287
396.56302	1750.6376
397.05402	1735.8555
397.54501	1698.0493
398.03601	1713.8977
398.52701	1687.6471
399.01801	1707.6995
399.509	1699.7461
400	1733.77
400.491	1766.0854
400.98199	1754.0303
401.47299	1767.392
401.96399	1803.5249
402.45499	1787.5042
402.94598	1780.1365
403.43698	1772.5652
403.92798	1735.5533
404.41898	1685.8961
404.90997	1642.7174
405.40097	1580.7961
405.89197	1541.7732
406.38297	1514.0408
406.87396	1471.7267
407.36499	1431.9341
407.85599	1368.535
408.34698	1308.7754
408.83798	1266.3726
409.32898	1230.5558
409.81998	1199.3861
410.31097	1164.4718
410.80197	1136.1511
411.29297	1105.1874
411.78397	1073.8167
412.27496	1049.1234
412.76596	1033.715
413.25696	1030.0365
413.74796	1005.7248
414.23895	984.80463
414.72995	947.76715
415.22095	942.34412
415.71194	963.58087
416.20294	935.95532
416.69394	905.13513
417.18494	916.15771
417.67593	884.7171
418.16693	904.49487
418.65793	897.54279
419.14893	893.51355
419.63992	859.33466
420.13092	861.00275
420.62192	851.47229
421.11292	888.24335
421.60394	876.96173
422.09494	876.24115
422.58594	873.92657
423.07693	866.48431
423.56793	856.24109
424.05893	854.2887
424.54993	840.95697
425.04092	856.8443
425.53192	858.76947
426.02292	876.51331
426.51392	825.14984
427.00491	838.98523
427.49591	846.40497
427.98691	864.75775
428.47791	836.17603
428.9689	841.86749
429.4599	863.39648
429.9509	829.53583
430.44189	847.57452
430.93289	841.44958
431.42389	832.77893
431.91489	832.90295
432.40588	835.30652
432.89688	826.72681
433.38788	825.40619
433.87888	808.9201
434.36987	814.00482
434.86087	810.74133
435.35187	821.41553
435.8429	823.55719
436.33389	814.84003
436.82489	820.56885
437.31589	836.94818
437.80688	835.26306
438.29788	836.83997
438.78888	830.94513
439.27988	830.55634
439.77087	838.18347
440.26187	835.21759
440.75287	843.98077
441.24387	862.8089
441.73486	860.87012
442.22586	849.6698
442.71686	856.62604
443.20786	877.63568
443.69885	895.38708
444.18985	909.59534
444.68085	918.82257
445.17184	911.12238
445.66284	920.9931
446.15384	913.14343
446.64484	883.5152
447.13583	896.01862
447.62683	889.5531
448.11783	881.37604
448.60883	875.49561
449.09982	847.55353
449.59082	842.25641
450.08185	845.92322
450.57285	839.64075
451.06384	823.33051
451.55484	809.54382
452.04584	847.7215
452.53683	838.85712
453.02783	823.75049
453.51883	816.48865
454.00983	829.39685
454.50082	820.18799
454.99182	818.64374
455.48282	846.86981
455.97382	833.56921
456.46481	869.6767
456.95581	854.8562
457.44681	857.04022
457.93781	876.76337
458.4288	880.28479
458.9198	853.30554
459.4108	882.52509
459.90179	852.0235
460.39279	894.17352
460.88379	848.08636
461.37479	865.16608
461.86578	862.86768
462.35678	856.93042
462.84778	846.41302
463.33878	845.14203
463.82977	824.39154
464.3208	834.15643
464.8118	824.29041
465.3028	831.51691
465.79379	860.3609
466.28479	837.48395
466.77579	838.29095
467.26678	817.81689
467.75778	817.70398
468.24878	823.73114
468.73978	842.69373
469.23077	821.50146
469.72177	820.86768
470.21277	813.36469
470.70377	784.70685
471.19476	786.22272
471.68576	793.2652
472.17676	814.70374
472.66776	783.84058
473.15875	785.67572
473.64975	806.01392
474.14075	790.20349
474.63174	804.36603
475.12274	804.30371
475.61374	795.04114
476.10474	769.48169
476.59573	780.17395
477.08673	795.02692
477.57773	796.1377
478.06873	796.98071
478.55972	798.79974
479.05075	779.96045
479.54175	798.45624
480.03275	806.16284
480.52374	775.05408
481.01474	789.3338
481.50574	801.521
481.99673	792.01807
482.48773	789.85754
482.97873	795.68188
483.46973	789.20831
483.96072	781.44025
484.45172	785.73535
484.94272	811.21729
485.43372	807.0401
485.92471	807.40216
486.41571	799.43097
486.90671	800.31885
487.39771	803.63922
487.8887	791.31274
488.3797	808.21326
488.8707	824.45245
489.36169	821.01782
489.85269	829.64136
490.34369	827.01233
490.83469	819.71045
491.32568	822.94873
491.81668	831.65466
492.30768	837.83197
492.79868	835.87384
493.2897	825.96497
493.7807	826.00116
494.2717	834.80194
494.7627	824.15405
495.25369	826.11401
495.74469	831.61664
496.23569	834.57623
496.72668	818.88666
497.21768	791.11322
497.70868	805.1358
498.19968	824.1358
498.69067	831.93365
499.18167	814.66083
499.67267	796.74707
500.16367	813.71503
500.65466	821.91217
501.14566	812.78802
501.63666	810.15271
502.12766	804.36133
502.61865	802.11993
503.10965	813.74316
503.60065	820.4657
504.09164	825.62512
504.58264	825.07593
505.07364	826.12238
505.56464	826.66461
506.05563	817.11157
506.54663	805.54059
507.03763	812.23761
507.52866	810.46887
508.01965	813.12231
508.51065	820.34308
509.00165	816.30963
509.49265	808.21204
509.98364	815.11407
510.47464	819.09277
510.96564	828.98077
511.45663	823.38477
511.94763	827.9278
512.4386	821.67365
512.92963	811.30792
513.42059	809.78192
513.91162	828.64026
514.40265	823.15186
514.89362	816.74011
515.38464	822.99365
515.87561	809.04871
516.36664	808.12439
516.8576	815.39502
517.34863	819.08636
517.8396	819.60675
518.33063	811.35608
518.82159	802.02826
519.31262	808.5777
519.80359	790.90521
520.29462	795.39447
520.78558	797.04474
521.27661	800.75293
521.76758	822.04053
522.25861	805.19482
522.74957	813.71576
523.2406	816.29669
523.73157	817.69397
524.2226	811.3512
524.71356	803.13757
525.20459	800.55566
525.69556	802.59296
526.18658	799.71124
526.67755	799.48822
527.16858	797.29205
527.65955	806.84827
528.15057	812.25525
528.6416	779.50671
529.13257	785.35254
529.6236	801.51807
530.11456	807.43805
530.60559	790.46649
531.09656	786.90967
531.58759	786.17468
532.07855	782.07764
532.56958	786.47797
533.06055	781.99908
533.55157	789.21033
534.04254	785.21545
534.53357	772.40857
535.02454	776.42365
535.51556	785.13623
536.00653	801.3302
536.49756	786.67957
536.98853	782.94464
537.47955	800.84442
537.97052	786.79803
538.46155	763.44879
538.95251	762.42407
539.44354	764.14093
539.93451	767.29688
540.42554	770.33478
540.9165	781.79663
541.40753	793.98035
541.8985	777.07556
542.38953	756.47498
542.88055	772.13452
543.37152	775.18091
543.86255	769.75006
544.35352	772.04535
544.84454	772.33795
545.33551	769.81946
545.82654	760.54858
546.3175	765.32843
546.80853	776.48383
547.2995	776.98761
547.79053	786.41968
548.28149	802.29181
548.77252	790.46295
549.26349	782.6687
549.75452	779.24512
550.24548	791.28009
550.73651	786.9682
551.22748	777.14191
551.71851	785.83606
552.20947	776.65356
552.7005	779.01538
553.19147	782.33118
553.6825	785.11908
554.17346	788.69983
554.66449	794.25208
555.15546	804.47687
555.64648	802.47144
556.13745	796.99786
556.62848	788.76892
557.11945	791.38385
557.61047	798.63324
558.1015	789.14319
558.59247	794.95593
559.0835	802.26892
559.57446	794.60962
560.06549	795.33728
560.55646	792.02997
561.04749	804.50281
561.53845	798.07501
562.02948	789.56744
562.52045	795.11432
563.01147	799.26337
563.50244	802.56207
563.99347	809.08209
564.48444	809.50189
564.97546	800.63959
565.46643	790.29279
565.95746	798.09021
566.44843	812.00366
566.93945	809.08276
567.43042	810.02722
567.92145	806.97913
568.41241	798.28723
568.90344	787.0401
569.39441	795.50671
569.88544	790.42303
570.3764	798.62665
570.86743	795.19617
571.3584	799.24768
571.84943	810.70276
572.34045	801.22772
572.83142	813.76019
573.32245	808.45715
573.81342	785.59088
574.30444	795.38647
574.79541	801.54968
575.28644	791.5401
575.7774	798.92535
576.26843	816.55768
576.7594	813.99323
577.25043	813.7583
577.74139	810.42419
578.23242	814.34552
578.72339	816.11292
579.21442	818.45599
579.70538	818.32837
580.19641	815.15802
580.68738	812.88092
581.17841	831.05316
581.66937	823.8255
582.1604	826.32068
582.65137	814.1131
583.1424	828.60608
583.63336	820.58276
584.12439	802.01257
584.61536	811.92523
585.10638	825.6076
585.59735	810.14075
586.08838	816.63269
586.57941	823.2998
587.07037	816.54407
587.5614	820.41589
588.05237	823.95959
588.5434	823.61798
589.03436	838.70544
589.52539	836.00342
590.01636	821.88568
590.50739	833.68829
590.99835	822.3844
591.48938	834.16199
591.98035	837.3183
592.47137	827.98407
592.96234	845.19897
593.45337	841.19885
593.94434	843.49921
594.43536	839.86707
594.92633	836.15289
595.41736	833.08575
595.90833	840.50031
596.39935	857.84662
596.89032	855.80695
597.38135	839.63293
597.87231	851.69763
598.36334	842.16724
598.85431	846.75116
599.34534	842.86169
599.8363	841.12183
600.32733	842.7309
600.81836	864.95044
601.30933	861.5863
601.80035	864.57281
602.29132	858.18268
602.78235	866.47406
603.27332	863.83557
603.76434	860.64545
604.25531	867.34473
604.74634	865.11029
605.2373	859.91614
605.72833	864.50592
606.2193	868.7561
606.71033	884.10333
607.20129	878.30029
607.69232	871.45923
608.18329	875.8299
608.67432	881.18304
609.16528	887.99634
609.65631	902.74554
610.14728	901.74316
610.63831	883.89258
611.12927	891.84302
611.6203	893.83746
612.11127	903.17627
612.60229	914.41791
613.09326	898.13269
613.58429	887.34277
614.07526	910.83002
614.56628	919.20306
615.05731	913.27173
615.54828	896.77448
616.03931	890.43762
616.53027	902.29315
617.0213	911.42603
617.51227	902.47644
618.0033	907.74854
618.49426	933.20349
618.98529	931.53278
619.47626	937.20038
619.96729	953.90686
620.45825	954.52612
620.94928	946.74133
621.44025	933.44861
621.93127	935.84839
622.42224	935.71991
622.91327	941.23108
623.40424	949.40662
623.89526	944.45209
624.38623	957.71094
624.87726	973.27344
625.36823	987.2417
625.85925	982.79388
626.35022	965.70068
626.84125	957.09711
627.33221	963.2746
627.82324	976.4411
628.31421	986.27966
628.80524	989.22632
629.29626	1003.7022
629.78723	1003.2574
630.27826	996.08014
630.76923	1002.9588
631.26025	998.45306
631.75122	996.48834
632.24225	993.22119
632.73322	1002.7552
633.22424	1013.4222
633.71521	1009.1008
634.20624	1022.169
634.6972	1015.5275
635.18823	1020.7373
635.6792	1034.4875
636.17023	1036.2654
636.66119	1040.6216
637.15222	1048.1327
637.64319	1041.229
638.13422	1049.7678
638.62518	1070.0099
639.11621	1065.1694
639.60718	1042.8083
640.09821	1037.1257
640.58917	1047.297
641.0802	1055.5345
641.57117	1059.905
642.06219	1085.5957
642.55316	1080.8234
643.04419	1083.0558
643.53522	1075.2836
644.02618	1070.5673
644.51721	1083.4952
645.00818	1086.9174
645.49921	1079.8693
645.99017	1081.9948
646.4812	1081.4458
646.97217	1088.9984
647.4632	1114.3914
647.95416	1122.6107
648.44519	1128.0673
648.93616	1117.083
649.42719	1114.7108
649.91815	1147.4716
650.40918	1128.2334
650.90015	1134.8198
651.39117	1134.6997
651.88214	1128.6083
652.37317	1148.7444
652.86414	1144.0444
653.35516	1168.8685
653.84613	1168.1841
654.33716	1174.0212
654.82813	1176.3708
655.31915	1184.2035
655.81012	1166.7126
656.30115	1218.3844
656.79211	1195.5859
657.28314	1161.1943
657.77417	1178.298
658.26514	1189.1031
658.75616	1217.7273
659.24713	1208.6719
659.73816	1218.234
660.22913	1196.6982
660.72015	1215.4342
661.21112	1227.9408
661.70215	1216.355
662.19312	1264.443
662.68414	1245.2805
663.17511	1243.4775
663.66614	1260.465
664.1571	1253.9391
664.64813	1283.5298
665.1391	1276.9922
665.63013	1262.1891
666.12109	1304.9078
666.61212	1283.5035
667.10309	1267.2164
667.59412	1291.6697
668.08508	1295.5612
668.57611	1309.7173
669.06708	1307.5444
669.55811	1304.9255
670.04907	1335.2917
670.5401	1321.3215
671.03107	1336.6249
671.52209	1341.9224
672.01312	1356.9559
672.50409	1366.6191
672.99512	1374.3888
673.48608	1371.5541
673.97711	1363.1018
674.46808	1366.1558
674.95911	1367.0922
675.45007	1399.7045
675.9411	1425.601
676.43207	1423.2627
676.9231	1439.4406
677.41406	1445.363
677.90509	1436.6884
678.39606	1464.4319
678.88708	1485.2694
679.37805	1467.2985
679.86908	1480.0302
680.36005	1463.1747
680.85107	1445.229
681.34204	1480.4893
681.83307	1501.9276
682.32404	1508.7729
682.81506	1519.7456
683.30603	1524.2949
683.79706	1527.2474
684.28802	1532.0902
684.77905	1553.7327
685.27002	1572.3019
685.76105	1594.6464
686.25208	1590.0219
686.74304	1589.1775
687.23407	1595.7477
687.72504	1581.9019
688.21606	1599.3584
688.70703	1631.5693
689.19806	1644.6484
689.68903	1666.47
690.18005	1659.7208
690.67102	1704.1194
691.16205	1704.2263
691.65302	1732.7626
692.14404	1754.5658
692.63501	1742.8882
693.12604	1766.5602
693.617	1772.8489
694.10803	1797.5532
694.599	1823.1233
695.09003	1803.9397
695.58099	1870.9718
696.07202	1860.8562
696.56299	1870.0671
697.05402	1834.7371
697.54498	1849.526
698.03601	1863.7239
698.52698	1872.7321
699.01801	1894.1169
699.50897	1907.0592
700	1902.2999
700.49103	1942.141
700.98199	1893.8453
701.47302	1922.3446
701.96399	1932.1527
702.45502	1916.7419
702.94598	1927.3741
703.43701	1929.806
703.92798	1903.9125
704.41901	1913.4401
704.90997	1921.9534
705.401	1915.2983
705.89197	1920.6437
706.383	1921.075
706.87396	1914.083
707.36499	1914.252
707.85596	1944.0043
708.34698	1949.9716
708.83795	1942.8359
709.32898	1944.8923
709.81995	1944.3982
710.31097	1963.6718
710.80194	1969.4316
711.29297	1961.8638
711.78394	1977.5759
712.27496	1996.2992
712.76593	2009.3674
713.25696	2027.1985
713.74792	1994.7112
714.23895	2011.5096
714.72998	2050.0432
715.22095	2039.8239
715.71198	2047.8971
716.20294	2058.1714
716.69397	2079.9021
717.18494	2093.3831
717.67596	2093.947
718.16693	2102.8813
718.65796	2114.4968
719.14893	2124.3767
719.63995	2124.1567
720.13092	2141.9343
720.62195	2176.8486
721.11292	2177.8179
721.60394	2175.4504
722.09491	2170.5178
722.58594	2173.4888
723.0769	2231.2019
723.56793	2191.5525
724.0589	2203.7183
724.54993	2230.1968
725.04089	2269.8967
725.53192	2276.2522
726.02289	2295.0449
726.51392	2261.29
727.00488	2304.0293
727.49591	2284.3816
727.98688	2331.6306
728.47791	2330.355
728.96893	2363.4263
729.4599	2346.5264
729.95093	2375.4006
730.44189	2389.9497
730.93292	2383.9629
731.42389	2410.0869
731.91492	2441.5061
732.40588	2457.2214
732.89691	2465.4539
733.38788	2494.3616
733.87891	2500.5486
734.36987	2474.8477
734.8609	2507.5962
735.35187	2535.9363
735.8429	2555.7249
736.33386	2537.3462
736.82489	2535.8469
737.31586	2575.3884
737.80688	2587.9795
738.29785	2587.6619
738.78888	2604.811
739.27985	2615.1523
739.77087	2631.9788
740.26184	2618.9697
740.75287	2632.2451
741.24384	2678.6895
741.73486	2663.6099
742.22583	2696.5037
742.71686	2635.0042
743.20789	2667.9836
743.69885	2716.2351
744.18988	2703.2732
744.68085	2710.2192
745.17188	2693.6548
745.66284	2689.606
746.15387	2733.3306
746.64484	2760.7952
747.13586	2707.4307
747.62683	2743.9624
748.11786	2735.3335
748.60883	2713.8005
749.09985	2713.2493
749.59082	2733.696
750.08185	2755.1899
750.57281	2723.5579
751.06384	2777.6064
751.55481	2755.4814
752.04584	2742.5649
752.5368	2727.55
753.02783	2739.3452
753.5188	2731.7097
754.00983	2763.5027
754.50079	2765.3562
754.99182	2760.926
755.48279	2746.9795
755.97382	2742.2222
756.46478	2735.7671
756.95581	2711.967
757.44684	2705.9141
757.93781	2757.6331
758.42883	2785.9971
758.9198	2769.6057
759.41083	2750.4788
759.90179	2762.1658
760.39282	2732.6062
760.88379	2735.1311
761.37482	2757.4736
761.86578	2755.6343
762.35681	2747.6384
762.84778	2717.5554
763.33881	2730.2561
763.82977	2723.8003
764.3208	2766.998
764.81177	2723.1238
765.3028	2724.3115
765.79376	2781.2817
766.28479	2768.0571
766.77576	2745.6921
767.26678	2770.7466
767.75775	2726.0054
768.24878	2776.5706
768.73975	2769.0459
769.23077	2792.467
769.72174	2776.043
770.21277	2795.0808
770.70374	2811.0615
771.19476	2820.9211
771.68579	2852.1709
772.17676	2825.3989
772.66779	2805.4175
773.15875	2816.9055
773.64978	2845.5969
774.14075	2852.4087
774.63177	2872.4229
775.12274	2917.2483
775.61377	2924.416
776.10474	2934.2222
776.59576	2976.1428
777.08673	2980.2236
777.57776	2982.5828
778.06873	3008.4795
778.55975	3009.4971
779.05072	3019.4971
779.54175	3051.6023
780.03271	3089.853
780.52374	3138.7751
781.01471	3109.5498
781.50574	3221.3391
781.9967	3242.4788
782.48773	3269.1526
782.9787	3277.5657
783.46973	3365.8682
783.96069	3448.4841
784.45172	3520.1685
784.94269	3634.1228
785.43372	3704.865
785.92474	3828.7605
786.41571	3964.0059
786.90674	4102.6855
787.39771	4332.7222
787.88873	4590.5425
788.3797	4876.1934
788.87073	5243.5649
789.36169	5725.5591
789.85272	6281.0146
790.34369	6980.0439
790.83472	7785.7559
791.32568	8673.7764
791.81671	9614.9248
792.30768	10494.322
792.79871	11193.539
793.28967	11645.415
793.7807	11767.981
794.27167	11491.403
794.7627	10852.103
795.25366	9962.5898
795.74469	9018.1533
796.23566	7986.8013
796.72668	7111.2393
797.21765	6348.8804
797.70868	5737.9546
798.19965	5235.0776
798.69067	4894.7397
799.18164	4543.7749
799.67267	4275.0825
800.1637	4087.488
800.65466	3950.7556
801.14569	3808.427
801.63666	3726.1057
802.12769	3661.1311
802.61865	3557.4973
803.10968	3456.6165
803.60065	3401.4856
804.09167	3392.8618
804.58264	3363.5486
805.07367	3311.9905
805.56464	3303.6238
806.05566	3283.2986
806.54663	3244.0142
807.03766	3202.3845
807.52863	3214.3547
808.01965	3196.1389
808.51062	3176.6243
809.00165	3188.8181
809.49261	3202.4814
809.98364	3166.7715
810.47461	3116.186
810.96564	3104.3403
811.4566	3122.1709
811.94763	3044.3027
812.4386	3100.5754
812.92963	3080.3032
813.42059	3002.9229
813.91162	3051.8521
814.40265	3066.3174
814.89362	3063.3811
815.38464	3047.1855
815.87561	3025.2544
816.36664	3044.8386
816.8576	3029.7461
817.34863	3032.6125
817.8396	3012.7695
818.33063	3032.5955
818.82159	3045.5313
819.31262	3005.3567
819.80359	3000.7114
820.29462	3023.4268
820.78558	3033.4949
821.27661	3031.6047
821.76758	3026.0676
822.25861	3014.8657
822.74957	3015.0027
823.2406	3015.9451
823.73157	3006.8481
824.2226	3049.071
824.71356	3002.7751
825.20459	3035.4778
825.69556	3038.7854
826.18658	3022.4131
826.67755	3054.8408
827.16858	3035.373
827.65955	3097.7229
828.15057	3093.3918
828.6416	3042.0068
829.13257	3080.2854
829.6236	3093.2659
830.11456	3066.8325
830.60559	3132.8186
831.09656	3160.8557
831.58759	3174.6726
832.07855	3172.4836
832.56958	3189.3311
833.06055	3209.0686
833.55157	3230.4138
834.04254	3230.0244
834.53357	3268.6013
835.02454	3274.2385
835.51556	3289.679
836.00653	3307.4587
836.49756	3286.0125
836.98853	3276.2471
837.47955	3343.1257
837.97052	3447.6917
838.46155	3398.1489
838.95251	3480.3201
839.44354	3546.5317
839.93451	3596.7637
840.42554	3723.8403
840.9165	3778.5974
841.40753	3903.3677
841.8985	4077.2844
842.38953	4255.2822
842.88055	4449.2529
843.37152	4759.7778
843.86255	5153.5889
844.35352	5649.5596
844.84454	6270.6768
845.33551	7029.917
845.82654	7751.4565
846.3175	8436.7881
846.80853	8978.3135
847.2995	9310.792
847.79053	9166.9531
848.28149	8659.5693
848.77252	7955.2563
849.26349	7191.582
849.75452	6394.2588
850.24548	5716.6919
850.73651	5074.9688
851.22748	4733.728
851.71851	4368.5718
852.20947	4164.3457
852.7005	4011.7214
853.19147	3888.9053
853.6825	3784.7078
854.17346	3724.9863
854.66449	3693.5852
855.15546	3625.5044
855.64648	3599.7395
856.13745	3591.615
856.62848	3573.7874
857.11945	3539.9143
857.61047	3529.9397
858.1015	3549.2869
858.59247	3564.3308
859.0835	3626.9172
859.57446	3664.5032
860.06549	3666.9153
860.55646	3711.8201
861.04749	3768.2378
861.53845	3767.5259
862.02948	3822.6663
862.52045	3864.9656
863.01147	3907.926
863.50244	3991.1538
863.99347	4029.3921
864.48444	4153.2969
864.97546	4250.5654
865.46643	4354.5752
865.95746	4478.4038
866.44843	4605.2373
866.93945	4750.6152
867.43042	4965.8262
867.92145	5176.7676
868.41241	5363.5601
868.90344	5642.9395
869.39441	5953.4458
869.88544	6349.3491
870.3764	6785.9268
870.86743	7249.5508
871.3584	7804.438
871.84943	8421.1133
872.34045	9155.5723
872.83142	10087.415
873.32245	11282.146
873.81342	12591.884
874.30444	14218.68
874.79541	16150.107
875.28644	18305.475
875.7774	21058.211
876.26843	23862.895
876.7594	26982.051
877.25043	29918.285
877.74139	32177.789
878.23242	33638.004
878.72339	34045.77
879.21442	33122.012
879.70538	31278.4
880.19641	28791.643
880.68738	25790.211
881.17841	22836.111
881.66937	20054.91
882.1604	17659.24
882.65137	15594.351
883.1424	13889.437
883.63336	12385.917
884.12439	11228.299
884.61536	10212.296
885.10638	9329.042
885.59735	8684.8242
886.08838	8106.4438
886.57941	7556.6406
887.07037	7064.3511
887.5614	6756.5376
888.05237	6433.8276
888.5434	6174.3335
889.03436	5951.4556
889.52539	5755.0815
890.01636	5600.1558
890.50739	5451.4565
890.99835	5329.3931
891.48938	5201.0361
891.98035	5120.1885
892.47137	4988.7983
892.96234	4884.8286
893.45337	4764.6719
893.94434	4690.0684
894.43536	4671.7646
894.92633	4646.4487
895.41736	4538.3833
895.90833	4524.2427
896.39935	4493.1714
896.89032	4444.9258
897.38135	4430.1919
897.87231	4402.9058
898.36334	4392.2578
898.85431	4335.1318
899.34534	4272.4849
899.8363	4287.8818
900.32733	4282.6152
900.81836	4288.4136
901.30933	4290.9297
901.80035	4262.1753
902.29132	4275.4961
902.78235	4291.1685
903.27332	4284.6055
903.76434	4281.7671
904.25531	4281.6733
904.74634	4290.5229
905.2373	4282.9033
905.72833	4271.063
906.2193	4289.7568
906.71033	4351.1021
907.20129	4335.4141
907.69232	4344.1895
908.18329	4405.4893
908.67432	4386.5332
909.16528	4395.1123
909.65631	4421.5039
910.14728	4434.8188
910.63831	4423.9321
911.12927	4368.1406
911.6203	4434.2773
912.11127	4454.6616
912.60229	4427.2578
913.09326	4479.4209
913.58429	4522.7368
914.07526	4421.2803
914.56628	4512.3696
915.05731	4533.6787
915.54828	4550.1196
916.03931	4615.0381
916.53027	4607.5762
917.0213	4615.2412
917.51227	4656.5459
918.0033	4700.8174
918.49426	4704.0752
918.98529	4777.4727
919.47626	4843.5107
919.96729	4875.7905
920.45825	4883.7832
920.94928	4895.8315
921.44025	4915.519
921.93127	4946.9146
922.42224	4921.2471
922.91327	4931.1934
923.40424	4988.9971
923.89526	4953.4946
924.38623	5035.4087
924.87726	5018.7192
925.36823	5125.6201
925.85925	5107.1387
926.35022	5124.4434
926.84125	5167.6514
927.33221	5221.4409
927.82324	5227.0117
928.31421	5219.9746
928.80524	5228.832
929.29626	5319.7314
929.78723	5400.8247
930.27826	5407.5845
930.76923	5476.0122
931.26025	5461.062
931.75122	5530.9185
932.24225	5547.3706
932.73322	5635.4253
933.22424	5720.1484
933.71521	5686.395
934.20624	5732.6982
934.6972	5804.6294
935.18823	5837.2505
935.6792	5872.7148
936.17023	5961.2046
936.66119	6046.6094
937.15222	6088.46
937.64319	6079.0352
938.13422	6165.5464
938.62518	6256.0723
939.11621	6300.0903
939.60718	6306.877
940.09821	6338.645
940.58917	6424.4155
941.0802	6341.9751
941.57117	6439.4355
942.06219	6482.04
942.55316	6466.2329
943.04419	6521.8276
943.53522	6618.25
944.02618	6604.2329
944.51721	6654.981
945.00818	6700.2524
945.49921	6745.3525
945.99017	6773.9912
946.4812	6827.7544
946.97217	6907.6118
947.4632	6914.2886
947.95416	6972.2495
948.44519	7098.021
948.93616	7119.8843
949.42719	7209.2339
949.91815	7201.3843
950.40918	7287.4463
950.90015	7264.5884
951.39117	7322.3677
951.88214	7365.1685
952.37317	7388.0742
952.86414	7486.605
953.35516	7504.0986
953.84613	7540.1006
954.33716	7648.9204
954.82813	7744.2979
955.31915	7771.1704
955.81012	7805.2988
956.30115	7794.814
956.79211	7881.2412
957.28314	7849.3638
957.77417	7955.0928
958.26514	7972.1953
958.75616	7990.2603
959.24713	8041.1543
959.73816	8053.2603
960.22913	8064.1279
960.72015	8092.752
961.21112	8125.2275
961.70215	8115.9844
962.19312	8046.1499
962.68414	8146.3838
963.17511	8210.0264
963.66614	8142.9126
964.1571	8199.6982
964.64813	8203.5859
965.1391	8194.3955
965.63013	8202.0156
966.12109	8228.1436
966.61212	8147.7788
967.10309	8154.4404
967.59412	8123.5117
968.08508	8162.2314
968.57611	8155.8354
969.06708	8111.2202
969.55811	8124.7217
970.04907	8116.812
970.5401	8074.0815
971.03107	8096.4712
971.52209	8072.6699
972.01312	8027.855
972.50409	8057.5649
972.99512	8036.0503
973.48608	7968.2607
973.97711	7930.8472
974.46808	8003.8862
974.95911	7989.377
975.45007	7998.0659
975.9411	7922.3037
976.43207	7953.1133
976.9231	7930.1221
977.41406	7873.9653
977.90509	7890.5615
978.39606	7864.0977
978.88708	7914.1533
979.37805	7907.291
979.86908	7913.3901
980.36005	7851.521
980.85107	7829.1768
981.34204	7842.4072
981.83307	7912.3525
982.32404	7893.3511
982.81506	7936.4878
983.30603	7860.7998
983.79706	7877.3682
984.28802	7884.8638
984.77905	7936.3237
985.27002	7982.6743
985.76105	7989.0952
986.25208	8003.2954
986.74304	8066.4336
987.23407	8068.4116
987.72504	8068.7339
988.21606	8075.0103
988.70703	8137.6206
989.19806	8207.1924
989.68903	8243.0586
990.18005	8284.3389
990.67102	8366.9971
991.16205	8372.9404
991.65302	8461.9297
992.14404	8531.3164
992.63501	8515.3604
993.12604	8583.8379
993.617	8696.7754
994.10803	8762.791
994.599	8864.8135
995.09003	8918.1338
995.58099	8925.0313
996.07202	9081.7363
996.56299	9108.6377
997.05402	9185.7568
997.54498	9296.7627
998.03601	9325.373
998.52698	9436.4219
999.01801	9546.8037
999.50897	9609.0078
1000	9671.6719
