100	744.29865
100.47426	753.06396
100.94851	748.45673
101.42277	757.3551
101.89702	773.30328
102.37128	788.45703
102.84553	808.34192
103.31979	839.3382
103.79404	855.53607
104.2683	861.61829
104.74255	897.604
105.2168	939.69061
105.69106	968.95758
106.16531	1051.8872
106.63956	1118.1697
107.11382	1187.2883
107.58807	1266.8507
108.06233	1397.8762
108.53658	1546.7095
109.01084	1702.2832
109.48509	1905.3734
109.95935	2186.9863
110.4336	2548.9546
110.90786	2892.2314
111.38211	3336.6965
111.85637	3836.644
112.33062	4288.186
112.80488	4704.2153
113.27913	5044.2471
113.75339	5215.75
114.22765	5211.5884
114.7019	5061.688
115.17616	4733.1826
115.65041	4316.4043
116.12466	3724.5002
116.59892	3267.4009
117.07317	2811.342
117.54742	2421.4182
118.02168	2128.512
118.49593	1889.4446
118.97019	1687.9913
119.44444	1532.3398
119.9187	1422.3881
120.39295	1358.7963
120.86721	1313.632
121.34146	1280.3568
121.81572	1233.6958
122.28997	1225.8258
122.76423	1215.1652
123.23848	1175.9651
123.71274	1143.5553
124.18699	1110.9775
124.66125	1060.3036
125.1355	1009.402
125.60976	963.24341
126.08401	927.10461
126.55827	885.09479
127.03252	844.87567
127.50677	819.77417
127.98103	793.97614
128.45529	770.01837
128.92953	753.97076
129.40379	742.67169
129.87805	735.40533
130.35231	727.40289
130.82655	700.87726
131.30081	696.30316
131.77507	677.46216
132.24933	673.57385
132.72357	671.36755
133.19783	668.6886
133.67209	660.79834
134.14635	652.57538
134.62059	650.29022
135.09485	658.65485
135.56911	669.95636
136.04337	661.5791
136.51761	648.32208
136.99187	655.74823
137.46613	648.70673
137.94038	659.70129
138.41463	643.24921
138.88889	637.76141
139.36314	635.21143
139.8374	630.05273
140.31165	629.48853
140.7859	635.26196
141.26016	642.83533
141.73442	636.07611
142.20868	639.98315
142.68292	634.52271
143.15718	637.01807
143.63144	624.59637
144.1057	626.65704
144.57994	632.89899
145.0542	623.10004
145.52846	611.45154
146.00272	618.64923
146.47696	627.17371
146.95122	621.25836
147.42548	613.36029
147.89973	623.04791
148.37398	624.88318
148.84824	620.52466
149.32249	612.78235
149.79675	610.78162
150.271	631.26587
150.74525	645.68573
151.21951	634.78088
151.69377	628.49377
152.16801	620.18311
152.64227	625.95734
153.11653	616.47858
153.59079	619.65424
154.06505	636.21283
154.53929	628.70441
155.01355	611.74512
155.48781	616.5683
155.96207	623.62701
156.43631	621.25177
156.91057	621.19855
157.38483	605.52557
157.85909	602.99799
158.33333	628.01031
158.80759	624.13165
159.28185	614.96124
159.7561	618.50262
160.23035	624.30359
160.70461	613.91382
161.17886	612.94843
161.65312	621.04999
162.12737	623.927
162.60162	631.78076
163.07588	623.79712
163.55014	629.4566
164.02438	623.84143
164.49864	638.21954
164.9729	638.45935
165.44716	632.276
165.9214	624.10284
166.39566	623.67554
166.86992	629.39624
167.34418	641.16858
167.81844	646.01257
168.29268	622.41602
168.76694	623.2016
169.2412	614.9967
169.71545	613.21021
170.1897	627.06384
170.66396	632.61133
171.13821	639.4906
171.61247	638.75177
172.08672	632.57196
172.56097	632.80139
173.03523	642.38397
173.50949	645.87036
173.98373	630.54346
174.45799	627.21509
174.93225	634.41083
175.40651	658.95245
175.88075	640.59955
176.35501	649.86707
176.82927	646.98798
177.30353	652.69391
177.77777	662.45319
178.25203	652.87402
178.72629	638.0708
179.20055	649.68304
179.67479	665.28064
180.14905	663.492
180.62331	670.64795
181.09756	673.1925
181.57182	687.63599
182.04607	667.28778
182.52032	672.81097
182.99458	673.07776
183.46884	675.77692
183.94308	682.92792
184.41734	689.70221
184.8916	702.34381
185.36586	689.27014
185.8401	718.24481
186.31436	722.6756
186.78862	742.34583
187.26288	755.66016
187.73712	775.21997
188.21138	774.11127
188.68564	784.28998
189.1599	816.27045
189.63414	847.67761
190.1084	875.27588
190.58266	912.63892
191.05692	934.44708
191.53116	940.53699
192.00542	1050.0789
192.47968	1050.6053
192.95393	1092.2367
193.42818	1120.1764
193.90244	1160.3401
194.37669	1175.1549
194.85095	1151.7524
195.32521	1129.0619
195.79945	1114.4202
196.27371	1085.9796
196.74797	1071.4346
197.22223	1030.9536
197.69647	983.26392
198.17073	992.39349
198.64499	974.56915
199.11925	972.91577
199.59349	976.67993
200.06775	974.96759
200.54201	989.47162
201.01627	1016.525
201.49051	1030.2516
201.96477	1046.9554
202.43903	1105.339
202.91328	1154.8871
203.38753	1236.6736
203.86179	1316.7112
204.33604	1410.4331
204.8103	1541.1895
205.28455	1715.1726
205.7588	1886.8904
206.23306	2106.6516
206.70732	2348.7031
207.18156	2576.0112
207.65582	2797.8618
208.13008	2997.4915
208.60434	3135.0242
209.0786	3219.1934
209.55284	3161.0813
210.0271	3097.5559
210.50136	2951.9265
210.97562	2741.1267
211.44986	2489.4954
211.92412	2239.4897
212.39838	2048.6626
212.87263	1860.9922
213.34688	1661.8585
213.82114	1515.4689
214.29539	1395.985
214.76965	1328.441
215.2439	1220.0422
215.71815	1196.743
216.19241	1112.1475
216.66667	1070.1766
217.14091	1023.4109
217.61517	995.04492
218.08943	963.50635
218.56369	929.00452
219.03793	904.67938
219.51219	893.96344
219.98645	889.27222
220.46071	879.83264
220.93495	901.75928
221.40921	850.34729
221.88347	849.07141
222.35773	841.75861
222.83199	799.34021
223.30623	794.11072
223.78049	811.15466
224.25475	797.60992
224.729	786.43585
225.20325	783.89667
225.67751	768.95612
226.15176	765.14081
226.62602	744.67261
227.10027	743.93237
227.57452	740.08209
228.04878	711.1767
228.52304	724.74786
228.99728	725.35315
229.47154	719.28461
229.9458	730.84174
230.42006	713.15369
230.8943	692.39905
231.36856	698.33624
231.84282	697.10516
232.31708	688.45398
232.79132	715.43042
233.26558	703.78223
233.73984	698.76624
234.2141	686.96783
234.68835	684.56549
235.1626	691.66583
235.63686	710.06335
236.11111	696.01538
236.58537	691.2052
237.05962	697.85614
237.53387	696.90625
238.00813	693.76788
238.48239	693.22198
238.95663	696.44812
239.43089	665.26208
239.90515	682.69135
240.37941	674.01019
240.85365	677.52484
241.32791	684.08423
241.80217	694.26215
242.27643	684.88452
242.75067	699.76984
243.22493	705.74341
243.69919	695.50244
244.17345	702.1983
244.64769	709.22559
245.12195	703.41583
245.59621	697.3493
246.07047	684.75012
246.54471	697.75775
247.01897	714.26855
247.49323	680.79956
247.96748	699.55402
248.44174	699.56891
248.91599	694.45129
249.39024	687.23834
249.8645	691.76581
250.33876	711.87921
250.813	721.07489
251.28726	715.09241
251.76152	711.02893
252.23578	757.30176
252.71002	725.44415
253.18428	724.93927
253.65854	741.56378
254.1328	724.33301
254.60704	737.33801
255.0813	736.8927
255.55556	734.63385
256.02982	737.18372
256.50406	737.10858
256.97833	746.63623
257.45258	765.64471
257.92682	762.51031
258.40109	761.1499
258.87534	771.49255
259.34958	762.15637
259.82385	776.12256
260.2981	782.42584
260.77237	770.05719
261.24661	774.47925
261.72086	787.92291
262.19513	791.17908
262.66937	788.2309
263.14365	797.67773
263.61789	814.52661
264.09213	815.73358
264.56641	815.04089
265.04065	824.58649
265.51489	858.74438
265.98917	845.08984
266.46341	879.29596
266.93768	866.47833
267.41193	886.16736
267.88617	912.66827
268.36044	912.58813
268.83469	930.88855
269.30893	957.34552
269.7832	963.21161
270.25745	974.41388
270.73172	988.78345
271.20596	975.03534
271.68021	1012.3043
272.15448	1015.2394
272.62872	1030.3623
273.10297	1046.4456
273.57724	1050.4194
274.05148	1031.64
274.52576	1005.5394
275	1003.7991
275.47424	1006.8278
275.94852	990.47852
276.42276	965.31213
276.89703	940.19421
277.37128	915.26776
277.84552	922.64429
278.31979	925.15424
278.79404	907.87836
279.26828	918.76343
279.74255	913.45703
280.2168	891.59351
280.69107	887.47083
281.16531	889.42596
281.63956	886.59192
282.11383	886.53314
282.58807	883.34863
283.06232	867.80194
283.53659	859.87195
284.01083	874.18207
284.48511	875.89258
284.95935	873.45508
285.43359	874.82886
285.90787	875.49292
286.38211	886.20642
286.85635	875.28558
287.33063	886.06158
287.80487	881.19189
288.27914	887.61377
288.75339	893.23737
289.22763	890.02185
289.7019	892.07098
290.17615	890.01398
290.65042	882.77393
291.12466	906.25616
291.59891	917.27332
292.07318	913.45392
292.54742	905.58167
293.02167	922.59857
293.49594	911.53888
293.97018	919.77209
294.44446	927.24097
294.9187	941.98706
295.39294	936.60352
295.86722	935.51489
296.34146	941.70325
296.8157	941.00909
297.28998	947.26758
297.76422	960.74268
298.23849	953.01837
298.71274	964.63666
299.18698	980.56207
299.66125	983.42468
300.1355	1004.5861
300.60974	1046.4355
301.08401	1031.5697
301.55826	1013.3828
302.03253	1044.494
302.50677	1062.176
302.98102	1076.7654
303.45529	1101.3521
303.92953	1120.295
304.40381	1134.8955
304.87805	1131.8673
305.35229	1109.3104
305.82657	1185.0298
306.30081	1157.5502
306.77505	1220.0168
307.24933	1261.5167
307.72357	1266.3937
308.19785	1252.907
308.67209	1277.2109
309.14633	1304.3502
309.62061	1339.9072
310.09485	1365.3436
310.56909	1389.4152
311.04337	1423.7236
311.51761	1456.0299
311.99188	1481.0253
312.46613	1495.0089
312.94037	1516.7947
313.41464	1590.1639
313.88889	1583.6267
314.36313	1653.3257
314.8374	1700.1956
315.31165	1739.5726
315.78592	1801.5056
316.26016	1813.7689
316.73441	1911.6029
317.20868	2006.1315
317.68292	2066.4182
318.1572	2126.0732
318.63144	2189.3582
319.10568	2272.5171
319.57996	2366.8696
320.0542	2458.729
320.52844	2596.9172
321.00272	2701.8723
321.47696	2859.4304
321.95123	2970.8857
322.42548	3196.189
322.89972	3345.3228
323.37399	3551.5098
323.84824	3816.5701
324.32248	4099.9873
324.79675	4399.2773
325.271	4759.5449
325.74527	5174.0796
326.21951	5624.1968
326.69376	6140.3447
327.16803	6689.2529
327.64227	7273.562
328.11652	7993.0342
328.59079	8709.7529
329.06503	9375.3359
329.53931	10060.009
330.01355	10625.462
330.48779	11119.113
330.96207	11481.32
331.43631	11601.188
331.91058	11581.112
332.38483	11386.126
332.85907	10995.995
333.33334	10476.463
333.80759	9871.6953
334.28183	9204.8369
334.7561	8488.9033
335.23035	7839.7188
335.70462	7193.1943
336.17886	6577.0503
336.65311	6102.0195
337.12738	5628.5811
337.60162	5121.8188
338.07587	4715.5957
338.55014	4365.8887
339.02438	4045.4783
339.49866	3763.1147
339.9729	3518.4868
340.44714	3302.5852
340.92142	3099.2266
341.39566	2917.9939
341.8699	2777.7712
342.34418	2634.5505
342.81842	2483.4382
343.29269	2373.0215
343.76694	2277.4043
344.24118	2206.7568
344.71545	2091.3445
345.1897	2015.6515
345.66397	1949.4283
346.13821	1869.6838
346.61246	1835.9578
347.08673	1772.6451
347.56097	1743.0995
348.03522	1711.7598
348.50949	1659.746
348.98373	1619.7607
349.45801	1571.5251
349.93225	1536.9869
350.40649	1492.1353
350.88077	1494.2041
351.35501	1471.1382
351.82925	1455.5792
352.30353	1448.0107
352.77777	1388.4863
353.25204	1382.6569
353.72629	1363.3861
354.20053	1346.3077
354.6748	1334.5393
355.14905	1328.3048
355.62329	1319.5132
356.09756	1314.7157
356.57181	1320.9008
357.04608	1312.3571
357.52032	1290.6377
357.99457	1301.9553
358.46884	1296.5302
358.94308	1307.1184
359.41736	1294.3414
359.8916	1286.8951
360.36584	1274.3042
360.84012	1288.5726
361.31436	1289.3458
361.7886	1298.9083
362.26288	1324.467
362.73712	1322.8344
363.2114	1315.7467
363.68564	1337.5778
364.15988	1354.5549
364.63416	1337.1161
365.1084	1324.4969
365.58264	1347.2137
366.05692	1378.2029
366.53116	1402.8148
367.00543	1390.9163
367.47968	1368.1364
367.95392	1394.9658
368.42819	1356.1088
368.90244	1356.3595
369.37671	1347.3429
369.85095	1364.0477
370.3252	1359.4059
370.79947	1359.165
371.27371	1347.146
371.74796	1317.1799
372.22223	1305.4152
372.69647	1305.3175
373.17075	1286.875
373.64499	1263.4352
374.11923	1253.7236
374.59351	1249.5358
375.06775	1231.4736
375.54199	1239.6945
376.01627	1210.548
376.49051	1173.6713
376.96478	1172.5205
377.43903	1191.4226
377.91327	1199.2809
378.38754	1201.0404
378.86179	1213.6737
379.33603	1205.7269
379.8103	1210.692
380.28455	1223.5032
380.75882	1224.9169
381.23306	1212.8776
381.70731	1218.5948
382.18158	1259.1327
382.65582	1282.4467
383.1301	1286.7815
383.60434	1295.1409
384.07858	1322.1985
384.55286	1356.0675
385.0271	1365.2754
385.50134	1366.6282
385.97562	1355.2482
386.44986	1378.8522
386.92413	1393.5547
387.39838	1422.8989
387.87262	1421.7732
388.34689	1428.816
388.82114	1471.491
389.29538	1504.1312
389.76965	1541.1926
390.2439	1586.0171
390.71817	1604.3755
391.19241	1641.8969
391.66666	1685.8251
392.14093	1745.4724
392.61517	1856.1587
393.08942	1929.7839
393.56369	2002.026
394.03793	2146.6189
394.51221	2245.4385
394.98645	2411.8882
395.46069	2582.8738
395.93497	2796.2061
396.40921	3015.4507
396.88348	3248.8103
397.35773	3464.2598
397.83197	3637.2842
398.30624	3779.4902
398.78049	3874.4082
399.25473	3871.4966
399.729	3774.4978
400.20325	3651.092
400.67752	3496.8745
401.15176	3229.0835
401.62601	3059.8264
402.10028	2948.1182
402.57452	2780.3127
403.04877	2620.8816
403.52304	2463.7705
403.99728	2338.6299
404.47156	2193.9768
404.9458	2118.0791
405.42004	2004.1456
405.89432	1908.6075
406.36856	1838.3826
406.8428	1745.1851
407.31708	1665.6589
407.79132	1602.3258
408.26559	1521.2924
408.73984	1459.4771
409.21408	1418.7125
409.68835	1371.6301
410.1626	1328.7878
410.63687	1288.5979
411.11111	1237.6735
411.58536	1213.774
412.05963	1192.819
412.53387	1170.7322
413.00812	1144.2191
413.48239	1131.166
413.95663	1114.5409
414.43091	1086.6892
414.90515	1088.6906
415.37939	1061.8523
415.85367	1042.5178
416.32791	1042.7369
416.80215	1033.7555
417.27643	1017.8548
417.75067	1006.7078
418.22495	1008.8299
418.69919	1008.8677
419.17343	979.76758
419.64771	971.16022
420.12195	978.32043
420.59619	974.70654
421.07047	964.11963
421.54471	957.18799
422.01898	946.2829
422.49323	970.46582
422.96747	970.09277
423.44174	955.44873
423.91599	950.75977
424.39026	952.58679
424.8645	958.88861
425.33875	971.35492
425.81302	970.08868
426.28726	970.49554
426.76151	986.36578
427.23578	997.71436
427.71002	1004.1674
428.1843	1021.984
428.65854	1053.8212
429.13278	1018.6675
429.60706	1025.4677
430.0813	1043.1897
430.55554	1072.0687
431.02982	1093.8032
431.50406	1094.6643
431.97833	1082.3384
432.45258	1076.7185
432.92682	1069.7461
433.40109	1050.5641
433.87534	1064.6475
434.34958	1048.8722
434.82385	1025.1714
435.2981	1010.5459
435.77237	1001.0685
436.24661	1002.9807
436.72086	998.5152
437.19513	975.3158
437.66937	957.07416
438.14365	952.54254
438.61789	960.30609
439.09213	941.80511
439.56641	945.79633
440.04065	946.32019
440.51489	947.91919
440.98917	959.95251
441.46341	945.48785
441.93768	949.36829
442.41193	948.71704
442.88617	937.1012
443.36044	964.11145
443.83469	962.87775
444.30893	963.70264
444.7832	981.7984
445.25745	988.17743
445.73172	961.66089
446.20596	968.02972
446.68021	997.87775
447.15448	997.74829
447.62872	991.22302
448.10297	971.17297
448.57724	991.87921
449.05148	993.5929
449.52576	981.08026
450	976.39978
450.47424	977.58765
450.94852	980.77783
451.42276	951.99829
451.89703	946.61603
452.37128	938.03467
452.84552	925.40552
453.31979	919.95129
453.79404	929.65753
454.26828	933.815
454.74255	917.66278
455.2168	915.72083
455.69107	913.32422
456.16531	892.24597
456.63956	888.36792
457.11383	892.25067
457.58807	876.93719
458.06232	872.69855
458.53659	875.27356
459.01083	863.83038
459.48511	839.59656
459.95935	837.16077
460.43359	852.06738
460.90787	850.33002
461.38211	831.96674
461.85635	821.94879
462.33063	841.72083
462.80487	831.28796
463.27914	826.83557
463.75339	834.37195
464.22763	820.37347
464.7019	815.89124
465.17615	812.52124
465.65042	823.96979
466.12466	832.38629
466.59891	831.84613
467.07318	815.24908
467.54742	802.12329
468.02167	797.37848
468.49594	805.6626
468.97018	822.94788
469.44446	807.45667
469.9187	817.64691
470.39294	797.08698
470.86722	808.49127
471.34146	820.72394
471.8157	800.21069
472.28998	790.91296
472.76422	807.36273
473.23849	810.29694
473.71274	809.16772
474.18698	806.21753
474.66125	811.66986
475.1355	796.47729
475.60974	796.68219
476.08401	802.02997
476.55826	795.12402
477.03253	795.83142
477.50677	768.88904
477.98102	779.38275
478.45529	805.2525
478.92953	795.50055
479.40381	797.13318
479.87805	803.33545
480.35229	791.15204
480.82657	798.27728
481.30081	799.43933
481.77505	806.33783
482.24933	783.22131
482.72357	770.27728
483.19785	796.29755
483.67209	793.20221
484.14633	781.03632
484.62061	786.55817
485.09485	779.12054
485.56909	779.78412
486.04337	787.3891
486.51761	787.19556
486.99188	779.55884
487.46613	768.33362
487.94037	778.67114
488.41464	761.33502
488.88889	761.08167
489.36313	763.1886
489.8374	759.4494
490.31165	759.68762
490.78592	769.47827
491.26016	778.11652
491.73441	776.30481
492.20868	774.09918
492.68292	765.97455
493.1572	779.23804
493.63144	766.91718
494.10568	756.83331
494.57996	771.1167
495.0542	788.12292
495.52844	776.24219
496.00272	772.77728
496.47696	773.24353
496.95123	771.66833
497.42548	758.59082
497.89972	771.52856
498.37399	755.44769
498.84824	764.95941
499.32248	767.23663
499.79675	770.36243
500.271	755.32538
500.74527	776.41467
501.21951	784.27679
501.69376	775.68231
502.16803	766.35828
502.64227	770.83551
503.11652	771.75256
503.59079	762.7218
504.06503	777.38422
504.53931	794.14929
505.01355	797.75183
505.48779	797.53717
505.96207	777.87952
506.43631	795.21802
506.91058	793.97333
507.38483	789.36957
507.85907	802.20966
508.33334	796.90942
508.80759	809.5379
509.28183	806.73004
509.7561	792.72839
510.23035	801.22571
510.70462	813.21533
511.17886	822.05219
511.65311	840.9342
512.12738	835.38489
512.60162	855.57074
513.07587	861.28314
513.55011	859.58484
514.02441	869.20135
514.49866	877.71442
514.9729	889.98474
515.44714	889.21484
515.92139	886.27258
516.39569	877.49152
516.86993	855.39569
517.34418	856.60004
517.81842	855.86938
518.29266	845.52032
518.76697	838.17316
519.24121	818.34644
519.71545	816.49664
520.1897	821.58051
520.66394	805.06396
521.13818	779.00757
521.61249	778.5473
522.08673	784.47229
522.56097	796.66467
523.03522	777.77814
523.50946	772.57458
523.98376	758.2774
524.45801	788.00342
524.93225	774.25903
525.40649	764.4696
525.88074	775.01483
526.35504	774.68628
526.82928	757.22906
527.30353	756.88135
527.77777	761.31726
528.25201	756.87305
528.72626	747.2359
529.20056	749.60413
529.6748	753.73273
530.14905	743.24707
530.62329	743.2276
531.09753	753.40997
531.57184	744.62189
532.04608	733.57544
532.52032	732.93317
532.99457	738.07745
533.46881	730.42798
533.94312	728.31714
534.41736	717.6203
534.8916	734.3913
535.36584	723.69354
535.84009	723.89996
536.31439	741.50214
536.78864	735.61206
537.26288	728.18982
537.73712	737.84821
538.21136	714.20752
538.68561	736.77899
539.15991	747.90533
539.63416	723.27222
540.1084	740.19214
540.58264	745.23004
541.05688	732.64337
541.53119	725.92267
542.00543	725.94324
542.47968	739.2691
542.95392	730.2132
543.42816	732.93207
543.90247	732.73035
544.37671	726.28699
544.85095	729.44263
545.3252	732.9469
545.79944	743.37677
546.27374	733.91663
546.74799	736.09637
547.22223	735.75897
547.69647	751.05652
548.17072	743.55371
548.64496	730.43378
549.11926	738.3606
549.59351	738.87585
550.06775	741.79816
550.54199	740.23529
551.01624	745.95319
551.49054	734.68048
551.96478	739.38892
552.43903	764.24347
552.91327	734.89099
553.38751	740.25598
553.86182	735.02576
554.33606	721.49353
554.8103	749.93988
555.28455	731.00482
555.75879	745.05701
556.23303	745.41156
556.70734	744.67139
557.18158	745.24738
557.65582	742.27295
558.13007	752.21326
558.60431	754.81592
559.07861	746.14447
559.55286	745.94019
560.0271	756.16724
560.50134	756.64368
560.97559	749.92645
561.44989	756.05322
561.92413	754.37531
562.39838	746.1402
562.87262	755.08301
563.34686	748.46185
563.82117	746.13239
564.29541	734.86365
564.76965	727.21313
565.2439	745.79877
565.71814	747.84467
566.19238	762.77985
566.66669	746.40344
567.14093	747.47455
567.61517	776.52179
568.08942	733.24933
568.56366	752.02527
569.03796	747.74585
569.51221	742.14087
569.98645	742.38635
570.46069	749.54559
570.93494	751.10162
571.40924	733.49756
571.88348	742.71143
572.35773	752.73413
572.83197	747.07886
573.30621	751.51849
573.78052	767.61743
574.25476	751.27997
574.729	755.20978
575.20325	766.38055
575.67749	763.72876
576.15173	760.63617
576.62604	769.08203
577.10028	776.16748
577.57452	769.62219
578.04877	762.55597
578.52301	759.4751
578.99731	762.47711
579.47156	769.05127
579.9458	768.0672
580.42004	767.54828
580.89429	756.15881
581.36859	763.49829
581.84283	749.22803
582.31708	774.26135
582.79132	758.43933
583.26556	750.92059
583.73981	751.5921
584.21411	764.91626
584.68835	773.69763
585.1626	760.66425
585.63684	781.84436
586.11108	771.15607
586.58539	776.81696
587.05963	745.53979
587.53387	758.39343
588.00812	769.66235
588.48236	770.94238
588.95667	758.84637
589.43091	761.80017
589.90515	746.8114
590.37939	754.39209
590.85364	758.89935
591.32794	743.36816
591.80219	756.46204
592.27643	760.08893
592.75067	771.10693
593.22491	752.55255
593.69916	761.03772
594.17346	766.51825
594.64771	756.78357
595.12195	757.50244
595.59619	748.30713
596.07043	759.83209
596.54474	778.47937
597.01898	771.79688
597.49323	774.85742
597.96747	773.68811
598.44171	766.73193
598.91602	778.35486
599.39026	777.87457
599.8645	769.71899
600.33875	762.56714
600.81299	764.04858
601.28729	764.55865
601.76154	765.24078
602.23578	784.3562
602.71002	782.45514
603.18427	771.31268
603.65851	773.69928
604.13281	769.95154
604.60706	769.50134
605.0813	775.31061
605.55554	791.37201
606.02979	778.42261
606.50409	770.61499
606.97833	774.08337
607.45258	789.7912
607.92682	780.37659
608.40106	789.56158
608.87537	787.40033
609.34961	794.28357
609.82385	797.0119
610.2981	770.70111
610.77234	777.91364
611.24658	787.61176
611.72089	785.98529
612.19513	811.43903
612.66937	786.04987
613.14362	796.09802
613.61786	807.85211
614.09216	810.11786
614.56641	810.44336
615.04065	813.48914
615.51489	809.22662
615.98914	824.7038
616.46344	805.22687
616.93768	810.71686
617.41193	816.59668
617.88617	822.02136
618.36041	836.54913
618.83472	834.91193
619.30896	827.599
619.7832	842.78857
620.25745	853.45111
620.73169	850.68964
621.20593	849.53198
621.68024	844.98468
622.15448	856.38037
622.62872	865.32532
623.10297	853.98407
623.57721	870.46521
624.05151	876.37592
624.52576	865.5658
625	890.02313
625.47424	879.57538
625.94849	872.89905
626.42279	889.34375
626.89703	893.24371
627.37128	889.66473
627.84552	904.8045
628.31976	895.98273
628.79407	912.45996
629.26831	895.66052
629.74255	887.36725
630.2168	881.85742
630.69104	895.28015
631.16528	897.0567
631.63959	894.45966
632.11383	896.87256
632.58807	896.49829
633.06232	902.9729
633.53656	916.01117
634.01086	916.53058
634.48511	926.1217
634.95935	921.25134
635.43359	910.6925
635.90784	911.18799
636.38214	916.97784
636.85638	932.18976
637.33063	933.64014
637.80487	927.63477
638.27911	931.19403
638.75342	930.2326
639.22766	937.62122
639.7019	936.48633
640.17615	935.17072
640.65039	925.55652
641.12463	936.95068
641.59894	945.97766
642.07318	949.04913
642.54742	932.73132
643.02167	957.63855
643.49591	934.29352
643.97021	960.28271
644.44446	964.75037
644.9187	950.54437
645.39294	960.7085
645.86719	966.43256
646.34149	968.8161
646.81573	984.23163
647.28998	989.36444
647.76422	991.521
648.23846	980.80023
648.71271	1002.1583
649.18701	994.90442
649.66125	990.13757
650.1355	997.99854
650.60974	1002.2543
651.08398	1013.4517
651.55829	1013.0875
652.03253	1012.041
652.50677	1019.373
652.98102	1028.6709
653.45526	1038.4788
653.92957	1032.8177
654.40381	1025.1034
654.87805	1035.1299
655.35229	1040.4309
655.82654	1045.2993
656.30084	1062.7095
656.77509	1057.4855
657.24933	1042.735
657.72357	1059.6747
658.19781	1043.4822
658.67206	1056.8655
659.14636	1071.5818
659.62061	1077.8235
660.09485	1072.2922
660.56909	1049.3502
661.04333	1055.4979
661.51764	1069.3114
661.99188	1072.7858
662.46613	1082.1272
662.94037	1089.3185
663.41461	1109.4551
663.88892	1090.0315
664.36316	1090.6501
664.8374	1071.7834
665.31165	1084.7482
665.78589	1116.9164
666.26019	1106.4127
666.73444	1093.3129
667.20868	1096.7606
667.68292	1102.1189
668.15717	1092.7422
668.63141	1109.334
669.10571	1132.6804
669.57996	1129.381
670.0542	1136.8839
670.52844	1154.4269
671.00269	1143.3842
671.47699	1138.8638
671.95123	1152.5482
672.42548	1149.0066
672.89972	1145.7048
673.37396	1135.4603
673.84827	1128.0518
674.32251	1163.6809
674.79675	1166.7306
675.271	1157.0531
675.74524	1180.2749
676.21948	1168.5516
676.69379	1148.077
677.16803	1159.5826
677.64227	1160.7854
678.11652	1153.2009
678.59076	1157.2258
679.06506	1123.7571
679.53931	1166.8073
680.01355	1177.3887
680.48779	1190.5161
680.96204	1169.6663
681.43634	1173.593
681.91058	1189.8716
682.38483	1180.6147
682.85907	1171.0189
683.33331	1197.4429
683.80762	1228.7089
684.28186	1223.1807
684.7561	1251.8838
685.23035	1225.7614
685.70459	1229.3829
686.17883	1258.9352
686.65314	1297.8651
687.12738	1289.3932
687.60162	1308.031
688.07587	1300.1252
688.55011	1301.8447
689.02441	1309.0706
689.49866	1325.5282
689.9729	1331.3463
690.44714	1360.9369
690.92139	1369.5497
691.39569	1376.7153
691.86993	1392.5035
692.34418	1407.764
692.81842	1412.6907
693.29266	1409.277
693.76697	1415.2333
694.24121	1431.9547
694.71545	1436.7214
695.1897	1425.7308
695.66394	1416.5667
696.13818	1411.2065
696.61249	1423.4421
697.08673	1414.8251
697.56097	1399.7587
698.03522	1384.8926
698.50946	1414.3706
698.98376	1418.6926
699.45801	1387.8134
699.93225	1356.3564
700.40649	1365.562
700.88074	1357.0342
701.35504	1337.8271
701.82928	1334.9277
702.30353	1296.2904
702.77777	1285.9922
703.25201	1302.4539
703.72626	1282.6525
704.20056	1250.587
704.6748	1267.3364
705.14905	1258.8594
705.62329	1229.5586
706.09753	1218.3641
706.57184	1232.8986
707.04608	1206.9282
707.52032	1191.0983
707.99457	1134.5782
708.46881	1146.4825
708.94312	1156.9558
709.41736	1143.5685
709.8916	1129.2947
710.36584	1136.84
710.84009	1120.7369
711.31439	1098.6687
711.78864	1102.4003
712.26288	1081.8345
712.73712	1067.0557
713.21136	1072.2893
713.68561	1068.9824
714.15991	1056.8877
714.63416	1048.8645
715.1084	1033.8258
715.58264	1033.1171
716.05688	1043.0481
716.53119	1036.7283
717.00543	1016.1445
717.47968	1008.9312
717.95392	1005.381
718.42816	992.1366
718.90247	994.84741
719.37671	996.75427
719.85095	993.2049
720.3252	987.7771
720.79944	979.58325
721.27374	982.05414
721.74799	978.27979
722.22223	966.39697
722.69647	948.64429
723.17072	959.71381
723.64496	963.37415
724.11926	950.20056
724.59351	953.6629
725.06775	948.36682
725.54199	933.98151
726.01624	924.41437
726.49054	940.94196
726.96478	929.45123
727.43903	906.4198
727.91327	921.99805
728.38751	912.28546
728.86182	918.12866
729.33606	914.90637
729.8103	917.63452
730.28455	904.83398
730.75879	918.98096
731.23303	912.52924
731.70734	904.33582
732.18158	919.50598
732.65582	905.53003
733.13007	907.38879
733.60431	882.07703
734.07861	884.7934
734.55286	902.40936
735.0271	911.43073
735.50134	872.88171
735.97559	875.59485
736.44989	889.89478
736.92413	882.12518
737.39838	883.06006
737.87262	894.58099
738.34686	907.6579
738.82117	895.22351
739.29541	878.7074
739.76965	872.5744
740.2439	883.16565
740.71814	872.46375
741.19238	881.61017
741.66669	878.32831
742.14093	849.12671
742.61517	871.34119
743.08942	869.63159
743.56366	867.09888
744.03796	850.44995
744.51221	837.39087
744.98645	837.97119
745.46069	836.65167
745.93494	841.86426
746.40924	856.76544
746.88348	852.08453
747.35773	850.47589
747.83197	846.20532
748.30621	833.12463
748.78052	828.05762
749.25476	829.57611
749.729	837.54108
750.20325	837.54999
750.67749	832.27576
751.15173	834.98193
751.62604	828.12079
752.10028	825.34479
752.57452	822.24213
753.04877	820.95575
753.52301	825.50684
753.99731	808.55463
754.47156	797.5285
754.9458	807.50757
755.42004	812.60205
755.89429	820.70166
756.36859	832.7652
756.84283	822.08539
757.31708	802.37903
757.79132	811.95172
758.26556	824.19666
758.73981	815.81915
759.21411	803.50305
759.68835	797.83862
760.1626	807.81879
760.63684	816.76917
761.11108	813.59528
761.58539	815.42535
762.05963	805.52936
762.53387	814.38409
763.00812	810.31488
763.48236	812.64636
763.95667	822.31152
764.43091	808.98096
764.90515	803.14923
765.37939	803.69879
765.85364	808.04486
766.32794	815.71082
766.80219	821.26721
767.27643	823.99084
767.75067	820.57404
768.22491	823.87164
768.69916	815.19916
769.17346	811.37994
769.64771	815.65027
770.12195	818.42188
770.59619	836.73474
771.07043	820.55359
771.54474	823.57617
772.01898	817.70764
772.49323	820.2171
772.96747	824.23816
773.44171	837.04199
773.91602	825.41248
774.39026	838.78992
774.8645	857.36487
775.33875	847.37616
775.81299	861.98468
776.28729	845.68506
776.76154	861.85248
777.23578	852.94574
777.71002	842.1748
778.18427	857.43451
778.65851	858.40302
779.13281	858.00458
779.60706	885.66211
780.0813	885.39032
780.55554	883.10052
781.02979	910.52417
781.50409	912.09253
781.97833	915.74066
782.45258	925.19391
782.92682	937.80695
783.40106	957.26935
783.87537	980.22437
784.34961	983.45825
784.82385	998.29938
785.2981	1029.123
785.77234	1067.1509
786.24658	1070.8962
786.72089	1086.1259
787.19513	1132.3193
787.66937	1124.717
788.14362	1218.2386
788.61786	1260.611
789.09216	1340.5436
789.56641	1404.5392
790.04065	1498.3755
790.51489	1624.5044
790.98914	1748.9354
791.46344	1940.2328
791.93768	2149.3374
792.41193	2397.6064
792.88617	2729.5154
793.36041	3050.1223
793.83472	3459.8967
794.30896	3882.6687
794.7832	4226.4414
795.25745	4519.6851
795.73169	4723.0337
796.20593	4750.7402
796.68024	4623.7427
797.15448	4351.3755
797.62872	3978.467
798.10297	3604.0435
798.57721	3200.9302
799.05151	2817.8992
799.52576	2497.2952
800	2259.3809
800.47424	2015.2792
800.94849	1830.2064
801.42279	1701.9642
801.89703	1555.8794
802.37128	1473.3468
802.84552	1385.6819
803.31976	1282.8278
803.79407	1244.9907
804.26831	1218.1332
804.74255	1161.9559
805.2168	1125.7419
805.69104	1092.2025
806.16528	1050.288
806.63959	1005.2438
807.11383	1002.2613
807.58807	976.76971
808.06232	965.69153
808.53656	930.33032
809.01086	930.30353
809.48511	930.58557
809.95935	909.08392
810.43359	901.59479
810.90784	894.13922
811.38214	901.7334
811.85638	886.65643
812.33063	877.63135
812.80487	861.10583
813.27911	856.08478
813.75342	851.62024
814.22766	848.02802
814.7019	833.93744
815.17615	845.00812
815.65039	835.67999
816.12463	848.41962
816.59894	835.44336
817.07318	841.21686
817.54742	835.18951
818.02167	836.48004
818.49591	848.02625
818.97021	875.10968
819.44446	860.84619
819.9187	832.38391
820.39294	848.38373
820.86719	866.48541
821.34149	860.41998
821.81573	865.05804
822.28998	879.5
822.76422	870.74701
823.23846	879.55969
823.71271	884.20905
824.18701	899.80603
824.66125	917.44684
825.1355	906.11841
825.60974	920.67511
826.08398	929.4386
826.55829	952.94122
827.03253	974.86346
827.50677	1018.4918
827.98102	1030.5286
828.45526	1043.9113
828.92957	1092.7169
829.40381	1111.4969
829.87805	1133.095
830.35229	1154.8726
830.82654	1209.157
831.30084	1260.7938
831.77509	1319.037
832.24933	1405.4821
832.72357	1488.6327
833.19781	1601.1526
833.67206	1684.902
834.14636	1812.4044
834.62061	1922.4756
835.09485	2036.0707
835.56909	2184.6409
836.04333	2255.1807
836.51764	2412.312
836.99188	2484.4004
837.46613	2546.4255
837.94037	2531.5217
838.41461	2466.8574
838.88892	2408.8191
839.36316	2314.5994
839.8374	2200.8608
840.31165	2041.7269
840.78589	1854.1934
841.26019	1748.2172
841.73444	1643.1151
842.20868	1552.4968
842.68292	1478.7391
843.15717	1389.2
843.63141	1312.3326
844.10571	1244.0278
844.57996	1217.2711
845.0542	1189.7346
845.52844	1133.0901
846.00269	1103.0469
846.47699	1056.0569
846.95123	1033.9788
847.42548	1018.1681
847.89972	1020.2501
848.37396	994.78296
848.84827	988.65149
849.32251	982.94769
849.79675	977.24701
850.271	933.40015
850.74524	934.15167
851.21948	959.57928
851.69379	948.53412
852.16803	920.04297
852.64227	930.94946
853.11652	940.74109
853.59076	914.04315
854.06506	931.57446
854.53931	930.31921
855.01355	910.68439
855.48779	912.35498
855.96204	907.24744
856.43634	906.75189
856.91058	916.22601
857.38483	895.8894
857.85907	896.15723
858.33331	895.69989
858.80762	915.73492
859.28186	900.41278
859.7561	892.60425
860.23035	882.38043
860.70459	888.95532
861.17883	907.07813
861.65314	890.30927
862.12738	874.8067
862.60162	890.88568
863.07587	910.00195
863.55011	894.63177
864.02441	895.47009
864.49866	885.18848
864.9729	909.65033
865.44714	915.50391
865.92139	906.42456
866.39569	905.87091
866.86993	872.48279
867.34418	912.37799
867.81842	916.38257
868.29266	918.79962
868.76697	911.87671
869.24121	926.78021
869.71545	937.34082
870.1897	927.52655
870.66394	930.53839
871.13818	947.08594
871.61249	948.51227
872.08673	970.05243
872.56097	961.90759
873.03522	958.62732
873.50946	993.47809
873.98376	997.4928
874.45801	985.35834
874.93225	1023.1764
875.40649	1058.0001
875.88074	1090.6669
876.35504	1101.2808
876.82928	1091.0358
877.30353	1122.9111
877.77777	1196.2744
878.25201	1215.7319
878.72626	1239.7878
879.20056	1282.4244
879.6748	1321.2938
880.14905	1345.7489
880.62329	1351.7089
881.09753	1413.7671
881.57184	1449.1903
882.04608	1512.4382
882.52032	1560.5474
882.99457	1592.4399
883.46881	1616.0664
883.94312	1615.2239
884.41736	1592.6019
884.8916	1573.7896
885.36584	1539.1997
885.84009	1516.9728
886.31439	1487.5685
886.78864	1469.7328
887.26288	1456.97
887.73712	1438.0784
888.21136	1401.5726
888.68561	1422.5771
889.15991	1440.0259
889.63416	1436.3604
890.1084	1443.0204
890.58264	1466.1505
891.05688	1479.8981
891.53119	1486.4694
892.00543	1502.9232
892.47968	1534.2769
892.95392	1569.5531
893.42816	1614.2742
893.90247	1661.3069
894.37671	1716.3434
894.85095	1779.0115
895.3252	1853.3149
895.79944	1917.3091
896.27374	1990.8412
896.74799	2042.592
897.22223	2159.9407
897.69647	2262.835
898.17072	2417.0337
898.64496	2581.1692
899.11926	2702.0615
899.59351	2871.7498
900.06775	3065.0486
900.54199	3281.1846
901.01624	3549.7722
901.49054	3848.4792
901.96478	4145.2998
902.43903	4460.2383
902.91327	4880.792
903.38751	5380.584
903.86182	5896.3594
904.33606	6466.4951
904.8103	7177.395
905.28455	8012.3213
905.75879	8869.2803
906.23303	9953.2275
906.70734	11035.288
907.18158	12236.05
907.65582	13564.043
908.13007	14872.241
908.60431	16428.469
909.07861	17808.131
909.55286	19148.723
910.0271	20434.273
910.50134	21187.191
910.97559	21656.393
911.44989	21421.557
911.92413	20657.402
912.39838	19310.791
912.87262	17692.639
913.34686	15912.359
913.82117	14102.399
914.29541	12425.424
914.76965	10824.972
915.2439	9406.6768
915.71814	8240.7861
916.19238	7269.4146
916.66669	6409.6123
917.14093	5674.9077
917.61517	5089.0532
918.08942	4584.8389
918.56366	4102.7139
919.03796	3747.6643
919.51221	3420.8765
919.98645	3130.5356
920.46069	2864.0486
920.93494	2673.011
921.40924	2472.9019
921.88348	2294.2734
922.35773	2159.9377
922.83197	2057.1443
923.30621	1925.5111
923.78052	1831.1206
924.25476	1751.4541
924.729	1691.1299
925.20325	1637.8051
925.67749	1570.6301
926.15173	1518.1826
926.62604	1479.5931
927.10028	1427.8596
927.57452	1379.4963
928.04877	1361.6461
928.52301	1317.4219
928.99731	1305.2738
929.47156	1263.1919
929.9458	1237.9745
930.42004	1224.238
930.89429	1204.4583
931.36859	1192.3552
931.84283	1168.0645
932.31708	1144.813
932.79132	1143.9905
933.26556	1125.2524
933.73981	1114.4558
934.21411	1087.0223
934.68835	1079.699
935.1626	1089.5692
935.63684	1064.6549
936.11108	1029.8584
936.58539	1028.1281
937.05963	1009.7788
937.53387	987.07666
938.00812	983.8183
938.48236	958.15948
938.95667	951.51953
939.43091	962.78436
939.90515	940.56189
940.37939	895.06219
940.85364	906.27545
941.32794	894.28455
941.80219	890.0094
942.27643	871.50415
942.75067	864.95752
943.22491	863.3573
943.69916	859.19861
944.17346	829.68939
944.64771	832.79468
945.12195	815.46582
945.59619	818.17737
946.07043	810.08661
946.54474	803.45978
947.01898	788.4483
947.49323	786.00922
947.96747	782.14014
948.44171	774.71796
948.91602	762.4917
949.39026	759.32202
949.8645	753.98303
950.33875	749.50531
950.81299	740.00055
951.28729	723.36102
951.76154	727.83209
952.23578	751.15027
952.71002	735.71783
953.18427	725.95905
953.65851	730.52917
954.13281	721.97913
954.60706	727.84015
955.0813	721.3717
955.55554	706.71991
956.02979	705.61713
956.50409	718.98834
956.97833	707.27637
957.45258	703.4978
957.92682	694.74432
958.40106	683.65057
958.87537	693.67731
959.34961	683.63586
959.82385	695.41827
960.2981	674.3916
960.77234	682.45209
961.24658	703.42505
961.72089	676.88751
962.19513	683.6524
962.66937	681.30475
963.14362	691.47235
963.61786	677.54242
964.09216	665.64429
964.56641	642.04144
965.04065	663.23645
965.51489	682.47083
965.98914	674.75543
966.46344	677.54706
966.93768	672.31763
967.41193	654.17969
967.88617	673.40863
968.36041	652.08844
968.83472	652.89478
969.30896	646.54205
969.7832	659.40344
970.25745	674.96802
970.73169	661.13745
971.20593	640.05011
971.68024	639.89313
972.15448	648.29395
972.62872	659.90729
973.10297	661.9057
973.57721	667.30701
974.05151	658.22522
974.52576	654.02411
975	644.77625
975.47424	647.31476
975.94849	645.74689
976.42279	643.71564
976.89703	641.9668
977.37128	641.67334
977.84552	645.237
978.31976	640.19196
978.79407	633.15753
979.26831	653.03558
979.74255	634.47485
980.2168	652.47491
980.69104	644.12396
981.16528	634.16241
981.63959	651.80524
982.11383	641.95117
982.58807	651.98322
983.06232	633.32715
983.53656	637.8075
984.01086	644.39417
984.48511	616.77386
984.95935	619.60522
985.43359	646.52472
985.90784	638.24341
986.38214	638.78223
986.85638	627.80225
987.33063	632.44116
987.80487	635.02893
988.27911	635.99524
988.75342	636.15063
989.22766	638.39905
989.7019	633.05896
990.17615	625.51917
990.65039	635.66016
991.12463	630.32825
991.59894	629.21667
992.07318	628.78595
992.54742	622.3634
993.02167	632.93805
993.49591	619.28851
993.97021	628.52759
994.44446	634.99591
994.9187	640.25909
995.39294	610.24615
995.86719	630.93982
996.34149	634.03131
996.81573	610.80157
997.28998	641.12921
997.76422	613.52631
998.23846	632.15833
998.71271	625.18256
999.18701	622.43414
999.66125	625.26038
1000.1355	638.36542
1000.6097	627.71899
1001.084	630.88379
1001.5583	621.65173
1002.0325	624.37811
1002.5068	633.91577
1002.981	625.73505
1003.4553	620.31244
1003.9296	622.49078
1004.4038	616.54254
1004.8781	627.01611
1005.3523	630.78149
1005.8265	630.23676
1006.3008	629.37488
1006.7751	635.38507
1007.2493	627.87378
1007.7236	615.08728
1008.1978	615.27069
1008.6721	618.16632
1009.1464	629.38092
1009.6206	623.41364
1010.0948	619.54761
1010.5691	624.14899
1011.0433	609.7951
1011.5176	621.83136
1011.9919	614.67157
1012.4661	628.82623
1012.9404	619.23413
1013.4146	628.9964
1013.8889	632.39441
1014.3632	621.10889
1014.8374	595.28217
1015.3116	608.01721
1015.7859	599.23059
1016.2602	610.77631
1016.7344	599.0976
1017.2087	625.13239
1017.6829	623.38184
1018.1572	611.66553
1018.6314	621.96484
1019.1057	622.2644
1019.58	620.6062
1020.0542	615.3244
1020.5284	623.49481
1021.0027	624.49866
1021.477	626.80359
1021.9512	618.94312
1022.4255	616.8479
1022.8997	625.20941
1023.374	636.3418
1023.8483	631.48663
1024.3225	615.77905
1024.7968	606.48724
1025.271	610.20587
1025.7452	627.82257
1026.2195	628.51086
1026.6937	611.17279
1027.168	624.75543
1027.6423	593.44495
1028.1166	629.11737
1028.5908	617.815
1029.0651	610.75903
1029.5393	615.07233
1030.0135	616.02612
1030.4878	612.44147
1030.962	624.1911
1031.4363	623.60022
1031.9105	617.70514
1032.3848	618.56989
1032.8591	612.39478
1033.3334	619.48291
1033.8076	619.72504
1034.2819	613.35883
1034.7561	617.78546
1035.2303	603.69446
1035.7046	595.56714
1036.1788	596.03882
1036.6531	601.97034
1037.1273	598.81775
1037.6017	589.75348
1038.0759	605.49573
1038.5502	609.78827
1039.0244	602.98804
1039.4987	594.73212
1039.9729	615.68719
1040.4471	584.95032
1040.9214	604.06934
1041.3956	594.79932
1041.8699	602.66724
1042.3441	601.13544
1042.8185	593.80646
1043.2927	594.8526
1043.767	606.99988
1044.2412	605.88605
1044.7155	611.21991
1045.1897	607.89673
1045.6639	606.33722
1046.1382	605.97839
1046.6124	599.40582
1047.0867	588.36096
1047.561	576.01978
1048.0353	601.75757
1048.5095	605.36023
1048.9838	597.17786
1049.458	589.94775
1049.9323	578.45605
1050.4065	580.19043
1050.8807	597.28857
1051.355	587.59418
1051.8292	577.71149
1052.3035	573.54565
1052.7778	589.61548
1053.2521	568.54529
1053.7263	589.45923
1054.2006	589.46448
1054.6748	586.32147
1055.149	578.12341
1055.6233	566.05902
1056.0975	582.47058
1056.5718	568.28235
1057.046	576.20874
1057.5204	578.62445
1057.9946	574.25122
1058.4689	569.80005
1058.9431	573.55298
1059.4174	575.6322
1059.8916	569.10449
1060.3658	571.29535
1060.8401	569.28278
1061.3143	566.729
1061.7886	561.25287
1062.2628	554.875
1062.7372	559.61987
1063.2114	569.37244
1063.6857	564.64795
1064.1599	566.58221
1064.6342	556.53302
1065.1084	545.12952
1065.5826	569.64935
1066.0569	565.19165
1066.5311	555.32996
1067.0054	559.19495
1067.4796	560.76312
1067.954	556.49988
1068.4282	545.65881
1068.9025	558.88702
1069.3767	543.21454
1069.851	556.79504
1070.3252	544.37
1070.7994	556.1861
1071.2737	554.14679
1071.7479	553.86523
1072.2222	539.58972
1072.6965	545.84045
1073.1708	555.94922
1073.645	546.24121
1074.1193	541.32861
1074.5935	542.28198
1075.0677	536.63196
1075.542	546.55811
1076.0162	551.539
1076.4905	547.75787
1076.9647	537.12201
1077.439	538.96259
1077.9133	544.3653
1078.3876	539.19269
1078.8618	539.75922
1079.3361	541.06012
1079.8103	546.41803
1080.2845	548.0321
1080.7588	545.22534
1081.233	547.51007
1081.7073	551.44806
1082.1815	536.16156
1082.6559	542.61353
1083.1301	534.79633
1083.6044	543.32672
1084.0786	552.88367
1084.5529	535.62323
1085.0271	553.89819
1085.5013	543.70929
1085.9756	549.5495
1086.4498	544.83276
1086.9241	541.99707
1087.3983	552.70819
1087.8727	545.07739
1088.3469	532.7525
1088.8212	546.12061
1089.2954	523.33508
1089.7697	548.35724
1090.2439	545.82947
1090.7181	527.88788
1091.1924	522.13586
1091.6666	521.12415
1092.1409	533.2843
1092.6152	537.84137
1093.0895	537.37225
1093.5637	534.38336
1094.038	542.87891
1094.5122	551.81384
1094.9865	533.61603
1095.4607	522.83203
1095.9349	543.26276
1096.4092	544.69415
1096.8834	542.55957
1097.3577	546.40692
1097.832	548.83478
1098.3063	540.14514
1098.7805	552.7312
1099.2548	532.0874
1099.729	558.86682
1100.2032	524.59082
1100.6775	543.22174
1101.1517	540.14374
1101.626	542.01123
1102.1002	528.28906
1102.5746	547.71472
1103.0488	545.85699
1103.5231	527.95258
1103.9973	552.04565
1104.4716	533.52588
1104.9458	540.66376
1105.42	535.81604
1105.8943	536.23816
1106.3685	542.15369
1106.8428	537.28308
1107.317	533.73816
1107.7914	540.57349
1108.2656	543.63794
1108.7399	529.97198
1109.2141	527.6474
1109.6884	537.90533
1110.1626	533.04169
1110.6368	532.49799
1111.1111	536.56012
1111.5853	529.31714
1112.0596	519.91113
1112.5339	528.6004
1113.0082	546.92993
1113.4824	534.32715
1113.9567	546.75592
1114.4309	528.15735
1114.9052	527.86243
1115.3794	545.14368
1115.8536	557.71075
1116.3279	531.94952
1116.8021	528.4798
1117.2764	536.22357
1117.7507	539.18835
1118.225	534.93445
1118.6992	538.36169
1119.1735	536.27692
1119.6477	526.86279
1120.1219	533.31195
1120.5962	536.22699
1121.0704	528.3089
1121.5447	516.42407
1122.0189	526.8158
1122.4932	538.49371
1122.9675	533.60907
1123.4418	510.64478
1123.916	520.96216
1124.3903	525.50104
1124.8645	521.34137
1125.3387	520.47321
1125.813	533.00604
1126.2872	537.27399
1126.7615	544.93097
1127.2357	534.3371
1127.7101	542.16412
1128.1843	538.43335
1128.6586	545.30188
1129.1328	534.94305
1129.6071	534.31604
1130.0813	524.00323
1130.5555	535.82574
1131.0298	532.39172
1131.504	521.93225
1131.9783	519.15228
1132.4525	528.086
1132.9269	537.39368
1133.4011	542.04211
1133.8754	532.61591
1134.3496	529.71521
1134.8239	527.59369
1135.2981	512.01068
1135.7723	535.14343
1136.2466	521.00641
1136.7208	517.09637
1137.1951	518.98004
1137.6694	528.37103
1138.1437	523.6496
1138.6179	524.03571
1139.0922	536.44476
1139.5664	533.97131
1140.0406	539.53192
1140.5149	537.72687
1140.9891	538.61353
1141.4634	527.34369
1141.9376	519.60455
1142.4119	532.92767
1142.8862	525.07245
1143.3605	516.31
1143.8347	519.20404
1144.309	525.73816
1144.7832	527.87335
1145.2574	527.24957
1145.7317	534.49341
1146.2059	528.27441
1146.6802	523.93439
1147.1544	528.62891
1147.6288	528.1344
1148.103	529.40363
1148.5773	517.19342
1149.0515	531.44427
1149.5258	539.8526
1150	523.96674
1150.4742	536.6521
1150.9485	524.22998
1151.4227	527.26434
1151.897	531.09216
1152.3712	526.65881
1152.8456	542.44531
1153.3198	547.49908
1153.7941	546.77374
1154.2683	535.84705
1154.7426	532.65186
1155.2168	535.91351
1155.691	512.7077
1156.1653	521.14197
1156.6395	537.62073
1157.1138	532.51624
1157.5881	524.93158
1158.0624	523.8573
1158.5366	538.53802
1159.0109	531.302
1159.4851	530.16205
1159.9594	520.24384
1160.4336	530.03009
1160.9078	524.88043
1161.3821	510.68219
1161.8563	517.08472
1162.3306	554.02942
1162.8049	526.68787
1163.2792	536.52075
1163.7534	538.37183
1164.2277	531.42773
1164.7019	520.10522
1165.1761	516.1673
1165.6504	521.38428
1166.1246	530.71124
1166.5989	529.44165
1167.0731	530.6554
1167.5475	533.67047
1168.0217	527.44476
1168.496	518.22809
1168.9702	518.91327
1169.4445	522.72675
1169.9187	526.56549
1170.3929	526.87238
1170.8672	525.61987
1171.3414	517.66895
1171.8157	523.4621
1172.2899	536.54889
1172.7643	519.98224
1173.2385	525.4068
1173.7128	518.69843
1174.187	521.83594
1174.6613	529.04895
1175.1355	530.35455
1175.6097	525.45667
1176.084	522.42938
1176.5582	520.8327
1177.0325	525.60419
1177.5068	546.93512
1177.9811	539.10785
1178.4553	537.16254
1178.9296	539.09369
1179.4038	540.62903
1179.8781	524.85034
1180.3523	537.21918
1180.8265	538.10938
1181.3008	531.38538
1181.775	540.52148
1182.2493	526.65082
1182.7236	533.65753
1183.1979	516.80096
1183.6721	531.96802
1184.1464	525.25543
1184.6206	532.21082
1185.0948	529.49286
1185.5691	524.32141
1186.0433	519.69684
1186.5176	515.67493
1186.9918	527.28595
1187.4661	538.59644
1187.9404	529.10431
1188.4147	526.33575
1188.8889	515.99774
1189.3632	522.97833
1189.8374	532.3335
1190.3116	530.68091
1190.7859	548.53534
1191.2601	527.25659
1191.7344	531.18164
1192.2086	528.35529
1192.683	528.13788
1193.1572	513.60309
1193.6315	533.05566
1194.1057	527.82343
1194.58	531.1001
1195.0542	531.14197
1195.5284	520.22003
1196.0027	523.56372
1196.4769	529.81067
1196.9512	522.29877
1197.4254	524.71558
1197.8998	523.61987
1198.374	525.90112
1198.8483	541.40802
1199.3225	529.34552
1199.7968	512.4613
1200.271	521.21887
1200.7452	526.77081
1201.2195	526.13123
1201.6937	502.7417
1202.168	501.42828
1202.6423	528.93127
1203.1166	528.30872
1203.5908	524.67212
1204.0651	523.07434
1204.5393	514.71112
1205.0135	526.4447
1205.4878	541.75519
1205.962	536.66925
1206.4363	528.02039
1206.9105	536.27094
1207.3848	531.42596
1207.8591	510.66205
1208.3334	533.50421
1208.8076	539.2962
1209.2819	525.41504
1209.7561	529.14343
1210.2303	530.08844
1210.7046	521.24316
1211.1788	533.9234
1211.6531	523.88489
1212.1273	534.5011
1212.6017	530.53766
1213.0759	518.23151
1213.5502	530.82916
1214.0244	529.45038
1214.4987	517.84601
1214.9729	526.48889
1215.4471	533.74353
1215.9214	518.60278
1216.3956	525.39587
1216.8699	534.25983
1217.3441	544.97168
1217.8185	521.15601
1218.2927	516.69543
1218.767	519.47687
1219.2412	525.7403
1219.7155	508.19849
1220.1897	523.90839
1220.6639	513.11627
1221.1382	528.6452
1221.6124	532.44427
1222.0867	521.86951
1222.561	523.17896
1223.0353	524.51666
1223.5095	529.61285
1223.9838	527.60162
1224.458	509.7182
1224.9323	511.31293
1225.4065	518.35431
1225.8807	516.67725
1226.355	515.92822
1226.8292	527.61792
1227.3035	531.2204
1227.7778	528.18799
1228.2521	523.10791
1228.7263	521.91608
1229.2006	520.4754
1229.6748	512.04846
1230.149	523.65198
1230.6233	530.06934
1231.0975	522.42871
1231.5718	520.22772
1232.046	524.81201
1232.5204	532.03986
1232.9946	527.55212
1233.4689	507.49533
1233.9431	510.88391
1234.4174	514.48962
1234.8916	497.16257
1235.3658	525.17792
1235.8401	501.41003
1236.3143	522.83032
1236.7886	510.30533
1237.2628	515.79407
1237.7372	503.87775
1238.2114	509.83609
1238.6857	505.15802
1239.1599	507.56317
1239.6342	506.69092
1240.1084	510.68994
1240.5826	513.92395
1241.0569	514.44397
1241.5311	505.97488
1242.0054	498.31857
1242.4796	504.41785
1242.954	512.69617
1243.4282	491.05768
1243.9025	512.43933
1244.3767	511.36942
1244.851	503.3154
1245.3252	519.13898
1245.7994	510.1792
1246.2737	499.53238
1246.7479	504.71683
1247.2222	493.99109
1247.6965	505.3215
1248.1708	519.64673
1248.645	506.84836
1249.1193	505.84927
1249.5935	510.4382
1250.0677	509.20453
1250.542	506.01395
1251.0162	511.7074
1251.4905	503.04718
1251.9647	507.9061
1252.439	512.71002
1252.9133	493.36667
1253.3876	502.50427
1253.8618	491.83008
1254.3361	498.98853
1254.8103	520.08392
1255.2845	516.85889
1255.7588	523.97284
1256.233	515.58392
1256.7073	494.83173
1257.1815	501.40912
1257.6559	506.98962
1258.1301	491.4379
1258.6044	487.9866
1259.0786	498.4476
1259.5529	497.09943
1260.0271	508.24963
1260.5013	509.04498
1260.9756	482.96677
1261.4498	482.84924
1261.9241	500.90967
1262.3983	498.52838
1262.8727	486.22833
1263.3469	500.29999
1263.8212	502.02136
1264.2954	513.75952
1264.7697	508.39868
1265.2439	505.32693
1265.7181	506.97455
1266.1924	502.23309
1266.6666	508.16263
1267.1409	498.44012
1267.6152	505.96637
1268.0895	496.1626
1268.5637	503.00409
1269.038	502.42194
1269.5122	488.5737
1269.9865	483.93292
1270.4607	498.82788
1270.9349	499.92847
1271.4092	501.52817
1271.8834	488.3653
1272.3577	489.59006
1272.832	494.95438
1273.3063	484.11502
1273.7805	488.39352
1274.2548	482.73026
1274.729	481.86493
1275.2032	494.60516
1275.6775	496.43799
1276.1517	496.60883
1276.626	509.25873
1277.1002	502.6842
1277.5746	500.66602
1278.0488	500.78616
1278.5231	501.67633
1278.9973	501.38977
1279.4716	499.7366
1279.9458	484.15649
1280.42	492.66171
1280.8943	494.88846
1281.3685	494.92429
1281.8428	490.60449
1282.317	494.33316
1282.7914	497.59723
1283.2656	485.36804
1283.7399	492.06406
1284.2141	499.7916
1284.6884	497.68417
1285.1626	494.69104
1285.6368	492.55536
1286.1111	494.62448
1286.5853	496.27798
1287.0596	487.38635
1287.5339	495.30402
1288.0082	500.12463
1288.4824	493.76111
1288.9567	498.24832
1289.4309	483.72818
1289.9052	492.45465
1290.3794	486.034
1290.8536	490.31226
1291.3279	486.84988
1291.8021	487.09406
1292.2764	504.25674
1292.7507	493.14764
1293.225	487.7326
1293.6992	501.70679
1294.1735	492.14926
1294.6477	491.75113
1295.1219	500.54767
1295.5962	491.9678
1296.0704	489.5849
1296.5447	504.47876
1297.0189	508.46594
1297.4932	496.4704
1297.9675	491.4256
1298.4418	477.13257
1298.916	477.55936
1299.3903	487.72778
1299.8645	486.03241
1300.3387	497.46375
1300.813	500.33084
1301.2872	490.90894
1301.7615	494.21216
1302.2357	498.62363
1302.7101	503.76764
1303.1843	456.50662
1303.6586	489.34192
1304.1328	494.69925
1304.6071	500.60468
1305.0813	506.26755
1305.5555	489.54041
1306.0298	487.40173
1306.504	486.93753
1306.9783	493.61447
1307.4525	483.86475
1307.9269	490.4259
1308.4011	495.91034
1308.8754	503.07379
1309.3496	475.61221
1309.8239	496.25186
1310.2981	513.33539
1310.7723	481.54309
1311.2466	474.09497
1311.7208	493.7218
1312.1951	492.5386
1312.6694	494.54001
1313.1437	502.33868
1313.6179	497.18246
1314.0922	489.21481
1314.5664	483.80136
1315.0406	491.436
1315.5149	484.13184
1315.9891	486.45282
1316.4634	509.27969
1316.9376	502.11505
1317.4119	489.05045
1317.8862	504.23141
1318.3605	510.92181
1318.8347	498.0878
1319.309	494.33414
1319.7832	498.48022
1320.2574	491.45435
1320.7317	489.00964
1321.2059	508.38431
1321.6802	506.82663
1322.1544	499.41223
1322.6288	488.64612
1323.103	496.59042
1323.5773	491.83826
1324.0515	503.21014
1324.5258	500.55975
1325	495.03937
1325.4742	492.7471
1325.9485	486.69223
1326.4227	493.87506
1326.897	493.35425
1327.3712	497.7908
1327.8456	503.4444
1328.3198	486.09238
1328.7941	477.61719
1329.2683	495.32297
1329.7426	496.79794
1330.2168	494.51501
1330.691	504.09372
1331.1653	511.9783
1331.6395	503.14838
1332.1138	503.83273
1332.5881	492.89474
1333.0624	487.08517
1333.5366	491.61975
1334.0109	485.77155
1334.4851	496.44507
1334.9594	489.30081
1335.4336	499.53821
1335.9078	505.81229
1336.3821	474.29681
1336.8563	493.82004
1337.3306	505.71811
1337.8049	501.60956
1338.2792	501.31076
1338.7534	499.0874
1339.2277	489.70517
1339.7019	486.93878
1340.1761	488.66052
1340.6504	485.03912
1341.1246	488.79059
1341.5989	483.47784
1342.0731	494.47116
1342.5475	484.36237
1343.0217	492.25577
1343.496	503.76633
1343.9702	483.88168
1344.4445	486.98209
1344.9187	484.13147
1345.3929	491.03915
1345.8672	491.95544
1346.3414	487.82245
1346.8157	487.10834
1347.2899	479.40732
1347.7643	490.63504
1348.2385	492.03232
1348.7128	471.32007
1349.187	508.18335
1349.6613	489.92413
1350.1355	492.20633
1350.6097	491.73837
1351.084	492.03867
1351.5582	481.59235
1352.0325	476.27951
1352.5068	483.97522
1352.9811	473.61359
1353.4553	483.42935
1353.9296	493.43118
1354.4038	510.71045
1354.8781	498.81976
1355.3523	489.14014
1355.8265	490.14771
1356.3008	483.2962
1356.775	486.02585
1357.2493	486.02856
1357.7236	492.96338
1358.1979	490.14621
1358.6721	487.99979
1359.1464	491.83014
1359.6206	472.89743
1360.0948	479.207
1360.5691	497.09097
1361.0433	501.93039
1361.5176	482.23361
1361.9918	488.96838
1362.4661	481.08612
1362.9404	482.9505
1363.4147	488.63382
1363.8889	473.83719
1364.3632	484.03275
1364.8374	475.55234
1365.3116	481.62762
1365.7859	477.41699
1366.2601	482.76865
1366.7344	480.03391
1367.2086	478.9248
1367.683	485.20895
1368.1572	488.57098
1368.6315	494.61118
1369.1057	493.71576
1369.58	491.92026
1370.0542	477.53622
1370.5284	480.27795
1371.0027	473.95984
1371.4769	475.26025
1371.9512	470.73517
1372.4254	482.59695
1372.8998	483.5925
1373.374	495.86337
1373.8483	489.56467
1374.3225	496.01416
1374.7968	495.0513
1375.271	488.9968
1375.7452	483.93268
1376.2195	485.996
1376.6937	480.06711
1377.168	471.06256
1377.6423	488.32123
1378.1166	475.91837
1378.5908	476.4574
1379.0651	474.35635
1379.5393	472.10544
1380.0135	479.26312
1380.4878	484.7966
1380.962	479.61127
1381.4363	474.13525
1381.9105	474.73715
1382.3848	482.04663
1382.8591	489.78473
1383.3334	472.57419
1383.8076	487.56882
1384.2819	470.14819
1384.7561	473.3616
1385.2303	475.77036
1385.7046	476.14096
1386.1788	465.41367
1386.6531	460.19724
1387.1273	473.44754
1387.6017	479.57428
1388.0759	475.86554
1388.5502	462.28833
1389.0244	475.55051
1389.4987	456.06494
1389.9729	469.85461
1390.4471	482.1618
1390.9214	476.43384
1391.3956	485.36786
1391.8699	477.88876
1392.3441	464.57916
1392.8185	468.11151
1393.2927	488.47592
1393.767	476.41949
1394.2412	473.09622
1394.7155	483.50879
1395.1897	473.33905
1395.6639	484.49005
1396.1382	487.06708
1396.6124	478.43582
1397.0867	473.56946
1397.561	486.60571
1398.0353	467.09866
1398.5095	481.91806
1398.9838	485.71738
1399.458	494.38507
1399.9323	475.68118
1400.4065	470.24457
1400.8807	481.13831
1401.355	484.67358
1401.8292	478.78964
1402.3035	469.34775
1402.7778	479.29477
1403.2521	479.83865
1403.7263	475.4628
1404.2006	471.87088
1404.6748	467.4364
1405.149	471.91202
1405.6233	457.79062
1406.0975	481.98431
1406.5718	480.33246
1407.046	480.86533
1407.5204	483.84647
1407.9946	466.02115
1408.4689	478.67007
1408.9431	488.88681
1409.4174	477.48264
1409.8916	495.50296
1410.3658	471.45319
1410.8401	476.95566
1411.3143	452.21664
1411.7886	495.38907
1412.2628	489.03299
1412.7372	479.95911
1413.2114	487.42014
1413.6857	483.64169
1414.1599	469.46594
1414.6342	465.25247
1415.1084	479.05826
1415.5826	489.99954
1416.0569	468.92661
1416.5311	489.98959
1417.0054	460.32382
1417.4796	469.90875
1417.954	482.4097
1418.4282	478.72208
1418.9025	479.3999
1419.3767	473.66058
1419.851	483.48688
1420.3252	484.0271
1420.7994	482.76318
1421.2737	480.95538
1421.7479	471.87372
1422.2222	474.26547
1422.6965	485.94437
1423.1708	475.47876
1423.645	488.70334
1424.1193	486.20392
1424.5935	483.99387
1425.0677	473.4599
1425.542	466.0134
1426.0162	472.5874
1426.4905	481.73865
1426.9647	472.33392
1427.439	471.58624
1427.9133	476.70105
1428.3876	485.72943
1428.8618	477.51511
1429.3361	465.04327
1429.8103	457.86066
1430.2845	471.66708
1430.7588	487.89456
1431.233	472.94339
1431.7073	470.27844
1432.1815	482.27927
1432.6559	475.94205
1433.1301	464.36127
1433.6044	470.73245
1434.0786	468.0831
1434.5529	465.24731
1435.0271	464.70758
1435.5013	472.1015
1435.9756	461.03528
1436.4498	479.56561
1436.9241	469.23795
1437.3983	468.6268
1437.8727	473.18552
1438.3469	469.4151
1438.8212	451.85687
1439.2954	457.08337
1439.7697	469.58459
1440.2439	479.58713
1440.7181	481.07721
1441.1924	473.823
1441.6666	462.987
1442.1409	464.48895
1442.6152	470.4964
1443.0895	466.61508
1443.5637	465.91147
1444.038	470.21066
1444.5122	481.1546
1444.9865	463.82294
1445.4607	456.05945
1445.9349	452.61319
1446.4092	463.77145
1446.8834	457.04672
1447.3577	463.76114
1447.832	456.76801
1448.3063	470.46219
1448.7805	468.55698
1449.2548	456.58194
1449.729	459.28094
1450.2032	461.25214
1450.6775	443.79025
1451.1517	456.6008
1451.626	470.47476
1452.1002	468.7247
1452.5746	464.39459
1453.0488	458.01248
1453.5231	454.99197
1453.9973	465.85434
1454.4716	460.38364
1454.9458	450.38995
1455.42	454.76688
1455.8943	464.9838
1456.3685	440.91849
1456.8428	460.63293
1457.317	467.41254
1457.7914	465.97266
1458.2656	460.35181
1458.7399	453.26083
1459.2141	452.45273
1459.6884	464.85199
1460.1626	464.70413
1460.6368	455.90363
1461.1111	462.34656
1461.5853	459.53357
1462.0596	442.63077
1462.5339	454.79855
1463.0082	458.89502
1463.4824	452.88895
1463.9567	464.16696
1464.4309	459.92908
1464.9052	445.83755
1465.3794	451.89392
1465.8536	453.62753
1466.3279	451.06537
1466.8021	444.13831
1467.2764	440.35712
1467.7507	438.1369
1468.225	445.70319
1468.6992	442.9855
1469.1735	450.53506
1469.6477	453.72247
1470.1219	442.63358
1470.5962	443.64218
1471.0704	439.15796
1471.5447	446.34082
1472.0189	450.09137
1472.4932	448.17075
1472.9675	446.77472
1473.4418	452.92331
1473.916	453.85342
1474.3903	450.24365
1474.8645	441.69666
1475.3387	463.85614
1475.813	433.31818
1476.2872	450.51254
1476.7615	458.33517
1477.2357	447.42792
1477.7101	432.51648
1478.1843	435.42239
1478.6586	447.7392
1479.1328	443.02625
1479.6071	463.70883
1480.0813	460.28156
1480.5555	457.77707
1481.0298	454.92197
1481.504	444.93054
1481.9783	451.34927
1482.4525	457.19699
1482.9269	449.1586
1483.4011	437.9599
1483.8754	436.37851
1484.3496	448.01425
1484.8239	469.5683
1485.2981	452.26425
1485.7723	451.54086
1486.2466	452.0162
1486.7208	440.03873
1487.1951	453.66559
1487.6694	455.04935
1488.1437	441.38968
1488.6179	444.88345
1489.0922	432.979
1489.5664	462.37677
1490.0406	450.94812
1490.5149	452.0535
1490.9891	436.07538
1491.4634	437.84964
1491.9376	450.81778
1492.4119	440.44608
1492.8862	429.1153
1493.3605	437.56073
1493.8347	449.57822
1494.309	449.31012
1494.7832	444.29337
1495.2574	435.60263
1495.7317	439.60129
1496.2059	441.13016
1496.6802	437.67389
1497.1544	438.97406
1497.6288	428.01947
1498.103	434.8399
1498.5773	449.60858
1499.0515	442.02902
1499.5258	445.20087
1500	427.92365
