100	807.65753
100.48309	812.31573
100.96619	827.24286
101.44927	839.33234
101.93237	829.75354
102.41546	831.41931
102.89855	835.23761
103.38165	835.17578
103.86473	830.66376
104.34782	837.28662
104.83092	840.04443
105.31401	829.19482
105.7971	828.78345
106.28019	817.62408
106.76328	804.5401
107.24638	780.06763
107.72947	777.82367
108.21256	770.89172
108.69566	762.14508
109.17874	731.02692
109.66183	723.87006
110.14493	727.13861
110.62802	722.52155
111.11111	709.25024
111.5942	697.81201
112.07729	694.72736
112.56039	683.10223
113.04348	682.61163
113.52657	669.99445
114.00966	668.36383
114.49275	679.6651
114.97585	703.0058
115.45894	706.36731
115.94203	689.65778
116.42512	678.98096
116.90821	681.01489
117.3913	689.16998
117.8744	700.47668
118.35749	714.74463
118.84058	730.82135
119.32367	742.15479
119.80676	744.33484
120.28986	769.73187
120.77295	792.15887
121.25603	808.05682
121.73913	831.45227
122.22222	835.24225
122.70531	836.71454
123.18841	831.39893
123.6715	827.84204
124.15459	829.5108
124.63768	824.50702
125.12077	824.15515
125.60387	811.57196
126.08696	772.99585
126.57005	762.1546
127.05314	769.67157
127.53623	749.68347
128.01932	716.59692
128.50241	688.07074
128.9855	684.70508
129.4686	664.67212
129.95169	633.18323
130.43478	615.89343
130.91788	609.10681
131.40097	598.53546
131.88406	574.95654
132.36716	574.94727
132.85023	565.60199
133.33333	547.90558
133.81642	538.74774
134.29951	537.61823
134.78261	540.39551
135.2657	525.69696
135.74879	517.18298
136.23189	515.06873
136.71498	512.57166
137.19807	520.38885
137.68115	527.87799
138.16425	508.12521
138.64734	500.53101
139.13043	496.8024
139.61353	506.53696
140.09662	508.62292
140.57971	510.07986
141.06281	485.38843
141.5459	477.50452
142.02899	491.63525
142.51207	505.40454
142.99516	491.16107
143.47826	485.12302
143.96135	503.80728
144.44444	498.04633
144.92754	473.7847
145.41063	485.41861
145.89372	514.06378
146.37682	494.06354
146.85991	482.21051
147.343	504.56583
147.82608	520.39783
148.30917	521.49951
148.79227	515.60352
149.27536	521.96594
149.75845	523.8208
150.24155	526.08038
150.72464	535.08337
151.20773	539.78278
151.69083	547.48413
152.17392	532.6546
152.657	549.90448
153.14009	559.40582
153.62318	528.633
154.10628	570.25201
154.58937	576.64648
155.07246	587.90784
155.55556	586.76947
156.03865	582.53589
156.52174	576.57275
157.00484	575.77893
157.48793	593.73657
157.97101	609.47772
158.4541	595.37231
158.93719	596.96234
159.42029	608.0238
159.90338	604.11676
160.38647	608.27783
160.86957	605.68848
161.35266	597.78198
161.83575	619.25043
162.31885	618.82391
162.80193	620.8598
163.28502	625.08112
163.76811	622.97375
164.25121	622.23279
164.7343	623.27643
165.21739	620.18976
165.70049	619.62646
166.18358	611.31482
166.66667	629.75519
167.14977	628.83685
167.63284	637.86035
168.11594	637.17932
168.59903	639.07428
169.08212	629.09271
169.56522	625.53821
170.04831	634.06268
170.5314	643.96747
171.0145	639.91559
171.49759	623.00922
171.98068	609.6593
172.46378	610.42365
172.94685	622.30627
173.42995	612.62012
173.91304	631.46063
174.39613	634.74194
174.87923	634.51086
175.36232	634.95215
175.84541	648.55658
176.32851	653.28516
176.8116	655.15112
177.29469	662.5708
177.77777	658.75793
178.26086	649.83337
178.74396	666.84979
179.22705	688.17664
179.71014	674.06445
180.19324	692.59039
180.67633	691.14789
181.15942	697.35834
181.64252	710.74219
182.12561	713.20813
182.60869	726.34833
183.09178	721.45587
183.57487	740.14722
184.05797	734.38495
184.54106	732.35944
185.02415	734.80396
185.50725	726.14655
185.99034	723.09375
186.47343	733.70441
186.95653	745.09796
187.43962	757.63306
187.9227	738.27936
188.40579	711.1438
188.88889	727.55524
189.37198	737.60376
189.85507	738.22107
190.33817	712.81769
190.82126	718.54437
191.30435	715.97363
191.78745	712.98822
192.27054	712.37408
192.75362	704.9104
193.23671	700.97375
193.7198	705.19928
194.2029	701.7948
194.68599	700.55475
195.16908	704.82361
195.65218	689.22955
196.13527	703.22949
196.61836	690.38556
197.10146	689.42078
197.58453	696.53546
198.06763	684.58282
198.55072	686.09375
199.03381	692.46387
199.51691	682.62891
200	681.16101
200.48309	680.39606
200.96619	670.79181
201.44928	677.60974
201.93237	668.11542
202.41547	661.11322
202.89854	645.52045
203.38164	675.02374
203.86473	669.8996
204.34782	649.13464
204.83092	644.9588
205.31401	642.0144
205.7971	647.27039
206.2802	646.92407
206.76329	642.84998
207.24638	628.56207
207.72946	616.03119
208.21255	616.44104
208.69565	622.03821
209.17874	626.16809
209.66183	619.9516
210.14493	615.79962
210.62802	610.48468
211.11111	608.01361
211.59421	590.86932
212.0773	579.01917
212.56038	569.84027
213.04347	566.1886
213.52657	571.23541
214.00966	575.42242
214.49275	566.92529
214.97585	562.021
215.45894	555.35059
215.94203	548.08533
216.42513	552.38458
216.90822	553.04901
217.39131	548.11005
217.87439	525.91357
218.35748	538.51593
218.84058	552.40253
219.32367	552.633
219.80676	530.1626
220.28986	519.08411
220.77295	525.37836
221.25604	530.37964
221.73914	535.30762
222.22223	512.48041
222.70531	509.08316
223.1884	521.94226
223.67149	522.80511
224.15459	519.67853
224.63768	512.40948
225.12077	501.89084
225.60387	492.18457
226.08696	486.73019
226.57005	516.60657
227.05315	505.70578
227.53622	513.53076
228.01932	507.1701
228.50241	494.88168
228.9855	466.7428
229.4686	477.39627
229.95169	492.6178
230.43478	493.72614
230.91788	500.63074
231.40097	502.68045
231.88406	484.92511
232.36716	480.31232
232.85023	500.51105
233.33333	495.04303
233.81642	490.72128
234.29951	507.72733
234.78261	492.71188
235.2657	462.41519
235.74879	502.41071
236.23189	496.71158
236.71498	494.52771
237.19807	507.61505
237.68115	497.70978
238.16425	501.65829
238.64734	502.9241
239.13043	499.41455
239.61353	505.96973
240.09662	516.37805
240.57971	516.90533
241.06281	506.16626
241.5459	498.24722
242.02899	495.72
242.51207	509.21744
242.99516	525.9646
243.47826	517.90631
243.96135	504.83002
244.44444	510.32748
244.92754	520.50146
245.41063	512.95032
245.89372	519.54236
246.37682	525.65826
246.85991	530.97955
247.343	531.30164
247.82608	528.82788
248.30917	529.69214
248.79227	526.94794
249.27536	528.08423
249.75845	546.60315
250.24155	537.67737
250.72464	521.29517
251.20773	534.16675
251.69083	561.0545
252.17392	548.48352
252.657	539.47961
253.14009	557.15186
253.62318	554.07214
254.10628	561.19244
254.58937	561.31018
255.07246	568.99054
255.55556	580.76019
256.03864	594.16913
256.52173	600.29205
257.00482	589.76862
257.48792	587.54608
257.97101	613.12646
258.4541	631.11768
258.93719	626.47766
259.42029	631.30786
259.90338	637.90723
260.38647	620.82153
260.86957	618.66913
261.35266	620.60297
261.83575	640.1424
262.31885	624.43329
262.80194	620.13226
263.28503	618.55481
263.76813	626.4325
264.25122	632.78619
264.73431	626.586
265.21738	628.70996
265.70047	630.59052
266.18356	623.41492
266.66666	637.81903
267.14975	635.48676
267.63284	638.83728
268.11594	656.23187
268.59903	652.73224
269.08212	653.68622
269.56522	647.43359
270.04831	660.27576
270.5314	656.21753
271.0145	667.49963
271.49759	651.43054
271.98068	662.90375
272.46378	664.88123
272.94687	681.51123
273.42996	683.65619
273.91306	669.59399
274.39615	663.19537
274.87924	662.34735
275.3623	673.43536
275.8454	670.82385
276.32849	659.25153
276.81158	671.19525
277.29468	696.02045
277.77777	664.20441
278.26086	690.78516
278.74396	671.30316
279.22705	669.88745
279.71014	678.44318
280.19324	675.71631
280.67633	678.43158
281.15942	667.29346
281.64252	672.20349
282.12561	664.8526
282.6087	659.36127
283.0918	668.34692
283.57489	668.99646
284.05798	667.11285
284.54108	674.03601
285.02414	673.70721
285.50723	667.53705
285.99033	671.83057
286.47342	664.95526
286.95651	656.4054
287.43961	677.76086
287.9227	657.4527
288.40579	657.76654
288.88889	640.3269
289.37198	662.34576
289.85507	663.10797
290.33817	647.45715
290.82126	654.09875
291.30435	660.46179
291.78745	669.8363
292.27054	670.42798
292.75363	657.05786
293.23672	652.1618
293.71982	651.21387
294.20291	653.56543
294.686	667.23895
295.16907	661.5307
295.65216	667.16003
296.13525	644.22266
296.61835	660.52435
297.10144	669.20447
297.58453	648.25037
298.06763	661.72559
298.55072	655.14423
299.03381	658.82971
299.51691	661.06921
300	661.06512
300.48309	664.06396
300.96619	648.2851
301.44928	650.34253
301.93237	664.50128
302.41547	665.63556
302.89856	666.61206
303.38165	661.90594
303.86475	656.80035
304.34784	662.51031
304.83093	659.39374
305.314	669.29169
305.79709	662.20758
306.28018	671.88416
306.76328	652.74561
307.24637	664.36621
307.72946	667.23779
308.21255	672.68604
308.69565	655.03735
309.17874	648.52032
309.66183	650.78876
310.14493	654.07861
310.62802	655.63556
311.11111	648.61523
311.59421	632.89935
312.0773	638.72681
312.56039	650.25183
313.04349	646.31494
313.52658	661.78296
314.00967	659.62848
314.49277	651.84021
314.97586	651.35669
315.45892	648.48737
315.94202	638.98145
316.42511	630.17279
316.9082	647.68256
317.3913	651.40918
317.87439	649.37451
318.35748	624.10834
318.84058	623.55396
319.32367	630.04102
319.80676	630.81635
320.28986	647.13654
320.77295	651.30939
321.25604	638.6333
321.73914	639.2453
322.22223	647.82349
322.70532	643.98383
323.18842	641.23895
323.67151	647.96338
324.1546	647.91675
324.6377	644.79639
325.12076	640.0329
325.60385	626.57288
326.08694	639.08246
326.57004	652.64453
327.05313	653.93146
327.53622	639.50781
328.01932	654.93701
328.50241	648.22632
328.9855	653.65826
329.4686	654.40186
329.95169	649.56348
330.43478	647.54584
330.91788	647.16901
331.40097	654.90961
331.88406	659.86316
332.36716	659.75635
332.85025	664.30194
333.33334	656.39978
333.81644	644.13721
334.29953	662.85358
334.78262	669.54529
335.26569	660.53613
335.74878	665.85223
336.23187	634.89056
336.71497	659.85809
337.19806	667.37097
337.68115	671.16608
338.16425	669.88947
338.64734	663.66223
339.13043	667.8847
339.61353	663.4361
340.09662	672.51764
340.57971	666.85583
341.06281	664.69708
341.5459	667.05505
342.02899	675.77161
342.51208	677.00415
342.99518	670.99658
343.47827	674.97363
343.96136	684.39288
344.44446	685.2738
344.92755	676.59253
345.41061	669.48694
345.89371	683.29999
346.3768	683.46826
346.85989	672.83685
347.34299	683.68652
347.82608	685.24878
348.30917	693.06262
348.79227	682.70709
349.27536	687.81024
349.75845	693.69635
350.24155	694.4516
350.72464	691.62982
351.20773	701.2149
351.69083	702.276
352.17392	692.4458
352.65701	694.37695
353.14011	704.46881
353.6232	698.75244
354.10629	694.61493
354.58939	705.51709
355.07245	716.27832
355.55554	711.98218
356.03864	703.83081
356.52173	714.8335
357.00482	725.52319
357.48792	730.55927
357.97101	740.50189
358.4541	736.43896
358.93719	729.55341
359.42029	726.96301
359.90338	750.21619
360.38647	752.21564
360.86957	753.672
361.35266	767.71588
361.83575	762.42877
362.31885	775.87439
362.80194	775.86188
363.28503	783.01727
363.76813	771.6886
364.25122	782.52112
364.73431	799.60254
365.21738	792.37531
365.70047	793.99377
366.18356	805.55084
366.66666	804.73297
367.14975	809.11456
367.63284	817.81366
368.11594	818.01331
368.59903	827.53186
369.08212	827.67188
369.56522	830.24188
370.04831	827.97101
370.5314	831.50513
371.0145	822.78259
371.49759	841.9043
371.98068	863.89081
372.46378	844.53491
372.94687	841.65552
373.42996	831.56866
373.91306	851.84314
374.39615	856.3963
374.87924	849.46759
375.3623	862.09961
375.8454	858.48962
376.32849	869.07892
376.81158	871.00372
377.29468	870.13489
377.77777	863.29181
378.26086	861.68146
378.74396	875.04633
379.22705	886.37183
379.71014	895.50928
380.19324	904.29999
380.67633	895.64337
381.15942	889.46893
381.64252	904.43439
382.12561	890.87915
382.6087	909.41095
383.0918	914.79492
383.57489	913.03296
384.05798	890.25543
384.54108	902.07941
385.02414	902.7334
385.50723	925.79303
385.99033	934.21246
386.47342	922.09302
386.95651	923.24414
387.43961	924.67926
387.9227	936.06567
388.40579	931.86383
388.88889	931.36005
389.37198	935.8728
389.85507	959.9881
390.33817	954.56464
390.82126	951.81946
391.30435	975.59064
391.78745	985.46436
392.27054	976.16028
392.75363	974.95074
393.23672	984.81299
393.71982	988.39685
394.20291	998.60895
394.686	1017.8765
395.16907	1022.5128
395.65216	1010.2288
396.13525	1022.7618
396.61835	1035.6069
397.10144	1028.5575
397.58453	1048.9089
398.06763	1043.2192
398.55072	1056.6246
399.03381	1055.6813
399.51691	1073.345
400	1075.7809
400.48309	1080.0116
400.96619	1097.187
401.44928	1095.8236
401.93237	1105.8873
402.41547	1114.0045
402.89856	1115.7791
403.38165	1143.9733
403.86475	1147.205
404.34784	1137.7997
404.83093	1162.1121
405.314	1173.6259
405.79709	1173.2955
406.28018	1188.8328
406.76328	1193.861
407.24637	1199.7927
407.72946	1204.3656
408.21255	1223.0857
408.69565	1220.6471
409.17874	1238.8922
409.66183	1235.9459
410.14493	1252.3058
410.62802	1275.0037
411.11111	1269.632
411.59421	1260.0938
412.0773	1258.8158
412.56039	1312.7876
413.04349	1285.7051
413.52658	1299.4819
414.00967	1291.4281
414.49277	1311.6337
414.97586	1319.1926
415.45892	1324.5681
415.94202	1304.3208
416.42511	1312.2731
416.9082	1314.2306
417.3913	1315.9194
417.87439	1310.9283
418.35748	1291.0391
418.84058	1293.6936
419.32367	1299.9266
419.80676	1284.2924
420.28986	1275.5575
420.77295	1263.1528
421.25604	1253.6876
421.73914	1268.0685
422.22223	1246.1659
422.70532	1221.363
423.18842	1199.5658
423.67151	1189.7482
424.1546	1212.9662
424.6377	1199.2753
425.12076	1193.4182
425.60385	1171.308
426.08694	1154.5665
426.57004	1146.8911
427.05313	1145.0629
427.53622	1107.1968
428.01932	1113.1565
428.50241	1092.9974
428.9855	1073.1737
429.4686	1057.1337
429.95169	1053.5454
430.43478	1037.589
430.91788	1027.3649
431.40097	1013.9266
431.88406	1012.8772
432.36716	985.38953
432.85025	959.7265
433.33334	965.82501
433.81644	960.94348
434.29953	946.56897
434.78262	947.64319
435.26569	936.8559
435.74878	914.67639
436.23187	896.32928
436.71497	887.70453
437.19806	906.41248
437.68115	909.96497
438.16425	887.76215
438.64734	879.54401
439.13043	884.59058
439.61353	873.53717
440.09662	864.46979
440.57971	846.95142
441.06281	835.41693
441.5459	832.09607
442.02899	839.51544
442.51208	832.53937
442.99518	813.12921
443.47827	829.01031
443.96136	806.23962
444.44446	809.18921
444.92755	802.81836
445.41061	810.71979
445.89371	803.72894
446.3768	809.52551
446.85989	808.04828
447.34299	795.54242
447.82608	789.91418
448.30917	772.61401
448.79227	767.82465
449.27536	763.13672
449.75845	753.29364
450.24155	758.77771
450.72464	765.58075
451.20773	758.84015
451.69083	749.40057
452.17392	743.80444
452.65701	729.79144
453.14011	715.23993
453.6232	711.21954
454.10629	708.32544
454.58939	705.32281
455.07245	691.96399
455.55554	686.28278
456.03864	667.65857
456.52173	671.92249
457.00482	675.68744
457.48792	655.9881
457.97101	646.14502
458.4541	625.07935
458.93719	646.44507
459.42029	639.98389
459.90338	604.16553
460.38647	608.86761
460.86957	595.67651
461.35266	588.02832
461.83575	579.79352
462.31885	572.2655
462.80194	579.99457
463.28503	553.55743
463.76813	536.1839
464.25122	557.58209
464.73431	582.95209
465.21738	555.14185
465.70047	557.13074
466.18356	548.80396
466.66666	537.57178
467.14975	513.74518
467.63284	518.79736
468.11594	530.12665
468.59903	522.22388
469.08212	512.65332
469.56522	517.4425
470.04831	510.40286
470.5314	503.7052
471.0145	493.20346
471.49759	488.64795
471.98068	502.34839
472.46378	490.42749
472.94687	485.01453
473.42996	480.9295
473.91306	469.50742
474.39615	482.53262
474.87924	467.99786
475.3623	459.41992
475.8454	465.64032
476.32849	460.11005
476.81158	460.16034
477.29468	469.78275
477.77777	441.1123
478.26086	463.07288
478.74396	451.30457
479.22705	461.01608
479.71014	445.05396
480.19324	448.39499
480.67633	466.44934
481.15942	447.10452
481.64252	434.11801
482.12561	445.01184
482.6087	415.26691
483.0918	429.54425
483.57489	424.09283
484.05798	423.55896
484.54108	413.91226
485.02414	422.48117
485.50723	410.22382
485.99033	407.50821
486.47342	413.02371
486.95651	431.1676
487.43961	412.04968
487.9227	401.50583
488.40579	407.07437
488.88889	404.54953
489.37198	385.03378
489.85507	395.47458
490.33817	405.33353
490.82126	399.65906
491.30435	400.93234
491.78745	409.22931
492.27054	409.60522
492.75363	400.31412
493.23672	395.12943
493.71982	396.72165
494.20291	409.43167
494.686	411.10306
495.16907	402.69385
495.65216	392.37198
496.13525	396.00204
496.61835	403.64151
497.10144	404.80856
497.58453	392.41763
498.06763	382.89362
498.55072	399.37689
499.03381	400.69806
499.51691	389.01025
500	395.28946
500.48309	403.97278
500.96619	401.70001
501.44928	408.72775
501.93237	401.6937
502.41547	382.5513
502.89856	387.20111
503.38165	383.7131
503.86475	394.63757
504.34784	397.54993
504.83093	398.03299
505.314	383.92743
505.79709	374.89337
506.28018	371.65698
506.76328	366.90814
507.24637	377.92566
507.72946	360.66446
508.21255	373.22833
508.69565	366.32584
509.17874	356.55365
509.66183	374.57828
510.14493	367.16068
510.62802	355.29977
511.11111	357.23251
511.59421	352.24078
512.07727	349.68915
512.56036	357.42297
513.04346	356.81323
513.52655	351.1683
514.00964	348.02365
514.49274	334.10648
514.97583	333.35599
515.45892	338.74985
515.94202	338.68219
516.42511	341.17972
516.9082	337.03278
517.3913	331.1893
517.87439	330.55194
518.35748	329.66989
518.84058	328.10501
519.32367	326.47244
519.80676	325.96262
520.28986	330.0318
520.77295	330.94388
521.25604	321.827
521.73914	314.26321
522.22223	328.68762
522.70532	330.74603
523.18842	311.02246
523.67151	318.16861
524.1546	318.46072
524.6377	327.70337
525.12079	316.00244
525.60388	324.07828
526.08698	313.62369
526.57007	304.77176
527.05316	302.76965
527.53625	310.20169
528.01935	312.61484
528.50244	312.46924
528.98553	307.27536
529.46863	307.22592
529.95172	305.461
530.43475	290.16153
530.91785	300.81699
531.40094	290.32401
531.88403	295.37497
532.36713	289.73056
532.85022	292.21121
533.33331	281.11871
533.81641	304.72021
534.2995	300.26749
534.78259	294.88354
535.26569	312.17059
535.74878	293.82764
536.23187	300.8721
536.71497	299.9527
537.19806	294.66116
537.68115	279.32745
538.16425	287.68866
538.64734	278.24484
539.13043	289.83676
539.61353	296.20374
540.09662	295.63605
540.57971	286.05539
541.06281	284.91895
541.5459	287.58212
542.02899	284.07382
542.51208	274.73608
542.99518	277.92963
543.47827	284.2699
543.96136	287.46558
544.44446	287.92725
544.92755	280.38141
545.41064	269.49619
545.89374	267.74704
546.37683	279.26047
546.85992	282.77139
547.34302	278.88705
547.82611	273.42838
548.3092	268.302
548.7923	278.23593
549.27539	279.19064
549.75848	270.97766
550.24152	273.30762
550.72461	269.81323
551.2077	262.67386
551.6908	261.80627
552.17389	269.14465
552.65698	270.4043
553.14008	267.43832
553.62317	267.94241
554.10626	271.17987
554.58936	274.36093
555.07245	263.55466
555.55554	259.33322
556.03864	270.10764
556.52173	275.88901
557.00482	268.59879
557.48792	256.50772
557.97101	267.75574
558.4541	267.85431
558.93719	261.18146
559.42029	267.27832
559.90338	272.99756
560.38647	264.552
560.86957	273.26648
561.35266	266.09021
561.83575	251.33481
562.31885	250.70056
562.80194	258.89252
563.28503	255.77618
563.76813	259.49838
564.25122	264.5271
564.73431	258.46445
565.21741	249.41666
565.7005	257.02716
566.18359	243.24597
566.66669	246.62027
567.14978	269.11197
567.63287	252.00517
568.11597	259.36499
568.59906	258.74567
569.08215	260.54019
569.56525	271.78168
570.04828	249.41479
570.53137	268.59973
571.01447	272.18439
571.49756	276.15494
571.98065	270.30161
572.46375	269.54086
572.94684	266.99585
573.42993	262.76614
573.91302	256.98047
574.39612	275.47443
574.87921	256.07028
575.3623	249.14806
575.8454	261.20148
576.32849	272.9794
576.81158	266.23102
577.29468	256.34631
577.77777	263.34906
578.26086	258.02725
578.74396	263.12796
579.22705	259.54395
579.71014	262.2222
580.19324	254.10638
580.67633	246.02246
581.15942	247.46274
581.64252	247.5665
582.12561	248.48431
582.6087	265.71432
583.0918	247.59143
583.57489	254.795
584.05798	253.11989
584.54108	244.0562
585.02417	246.85475
585.50726	254.1331
585.99036	257.74741
586.47345	260.21292
586.95654	245.46078
587.43964	252.8231
587.92273	256.10529
588.40582	260.57788
588.88892	256.85114
589.37201	259.63788
589.8551	252.63805
590.33813	240.01085
590.82123	244.32126
591.30432	254.50034
591.78741	257.02023
592.27051	244.25835
592.7536	256.61383
593.23669	252.02068
593.71979	256.57126
594.20288	255.91481
594.68597	252.83163
595.16907	245.698
595.65216	244.19563
596.13525	255.74567
596.61835	247.30093
597.10144	252.05785
597.58453	256.8219
598.06763	248.10632
598.55072	248.144
599.03381	244.3597
599.51691	238.69876
600	234.68762
600.48309	229.71732
600.96619	241.7943
601.44928	255.272
601.93237	244.53081
602.41547	237.28673
602.89856	247.04959
603.38165	247.57599
603.86475	243.44286
604.34784	242.42662
604.83093	239.82599
605.31403	238.99626
605.79712	247.18869
606.28021	244.3569
606.76331	239.40202
607.2464	244.65639
607.72949	241.70647
608.21259	238.49397
608.69568	236.60515
609.17877	233.66792
609.66187	241.82996
610.1449	244.68782
610.62799	243.4924
611.11108	230.49129
611.59418	240.28821
612.07727	237.79533
612.56036	241.3078
613.04346	238.01585
613.52655	239.75381
614.00964	242.5233
614.49274	243.70006
614.97583	249.73064
615.45892	245.04674
615.94202	234.30026
616.42511	242.49995
616.9082	242.75859
617.3913	239.01074
617.87439	239.26749
618.35748	237.07214
618.84058	245.61021
619.32367	248.18245
619.80676	246.14003
620.28986	244.1068
620.77295	243.43953
621.25604	241.74017
621.73914	240.65695
622.22223	247.22649
622.70532	256.09927
623.18842	250.24989
623.67151	243.14584
624.1546	250.87843
624.6377	256.15131
625.12079	259.71478
625.60388	258.33981
626.08698	261.47574
626.57007	265.80576
627.05316	268.80896
627.53625	254.99637
628.01935	261.32571
628.50244	266.55688
628.98553	262.59091
629.46863	263.59518
629.95172	257.15662
630.43475	257.20828
630.91785	263.26022
631.40094	260.92737
631.88403	268.71567
632.36713	261.64496
632.85022	266.62201
633.33331	274.58368
633.81641	281.9819
634.2995	284.57303
634.78259	285.18237
635.26569	283.9567
635.74878	277.51675
636.23187	274.19424
636.71497	280.48651
637.19806	269.34482
637.68115	269.27182
638.16425	272.85263
638.64734	284.46738
639.13043	286.84308
639.61353	267.63425
640.09662	283.3299
640.57971	299.02249
641.06281	281.81186
641.5459	276.97122
642.02899	285.01111
642.51208	290.57196
642.99518	281.89264
643.47827	286.9079
643.96136	296.46783
644.44446	287.67728
644.92755	295.94031
645.41064	293.86398
645.89374	271.9512
646.37683	291.10995
646.85992	304.70969
647.34302	290.02185
647.82611	295.0318
648.3092	300.09119
648.7923	291.19632
649.27539	300.02695
649.75848	293.75717
650.24152	297.43488
650.72461	290.44214
651.2077	304.34875
651.6908	297.69138
652.17389	295.88815
652.65698	300.33447
653.14008	306.67532
653.62317	294.70679
654.10626	299.7345
654.58936	307.85284
655.07245	311.30716
655.55554	303.37045
656.03864	314.16602
656.52173	330.50006
657.00482	324.37296
657.48792	318.28394
657.97101	321.595
658.4541	310.75058
658.93719	317.03958
659.42029	311.31131
659.90338	305.32092
660.38647	319.08841
660.86957	324.90366
661.35266	324.84836
661.83575	320.28207
662.31885	310.05508
662.80194	316.07867
663.28503	319.55469
663.76813	314.36203
664.25122	314.14282
664.73431	314.13101
665.21741	317.63544
665.7005	308.43848
666.18359	310.23737
666.66669	316.20822
667.14978	309.89374
667.63287	314.82095
668.11597	311.36697
668.59906	311.64014
669.08215	315.19553
669.56525	309.2204
670.04828	308.24115
670.53137	305.08646
671.01447	298.59656
671.49756	290.83698
671.98065	296.66202
672.46375	301.71283
672.94684	292.19162
673.42993	290.28418
673.91302	293.26529
674.39612	287.67355
674.87921	290.33322
675.3623	294.26813
675.8454	299.32181
676.32849	298.24411
676.81158	293.25482
677.29468	291.22269
677.77777	281.14554
678.26086	279.14648
678.74396	272.45383
679.22705	270.22864
679.71014	283.97552
680.19324	283.53458
680.67633	278.31485
681.15942	285.54053
681.64252	289.43518
682.12561	277.51923
682.6087	271.61179
683.0918	281.13138
683.57489	273.30731
684.05798	270.62405
684.54108	271.82617
685.02417	274.97983
685.50726	281.52335
685.99036	280.8541
686.47345	264.72653
686.95654	256.0004
687.43964	259.59146
687.92273	257.32098
688.40582	261.55359
688.88892	266.21173
689.37201	267.98517
689.8551	267.03381
690.33813	264.0069
690.82123	259.53433
691.30432	256.38849
691.78741	260.0329
692.27051	263.3663
692.7536	270.16641
693.23669	263.87192
693.71979	260.90604
694.20288	260.97147
694.68597	259.93851
695.16907	263.41266
695.65216	269.72098
696.13525	261.00586
696.61835	257.3035
697.10144	260.60352
697.58453	254.55075
698.06763	261.86166
698.55072	254.91078
699.03381	255.84648
699.51691	257.04688
700	258.02435
700.48309	254.89574
700.96619	249.91553
701.44928	245.73389
701.93237	253.3795
702.41547	256.00861
702.89856	256.46472
703.38165	253.82863
703.86475	267.12714
704.34784	259.43405
704.83093	267.21158
705.31403	275.3179
705.79712	267.92734
706.28021	271.18271
706.76331	273.83261
707.2464	277.7197
707.72949	268.27399
708.21259	266.67914
708.69568	274.03995
709.17877	283.82089
709.66187	279.76401
710.1449	287.3212
710.62799	293.79099
711.11108	287.14215
711.59418	288.91403
712.07727	294.16351
712.56036	287.26672
713.04346	290.36923
713.52655	301.37396
714.00964	309.9939
714.49274	304.88855
714.97583	303.81482
715.45892	303.52417
715.94202	306.41638
716.42511	295.27377
716.9082	301.37549
717.3913	313.44635
717.87439	317.43762
718.35748	329.13321
718.84058	332.85263
719.32367	330.57132
719.80676	326.14139
720.28986	334.56287
720.77295	348.70706
721.25604	353.94421
721.73914	352.76822
722.22223	353.34091
722.70532	349.38031
723.18842	367.70047
723.67151	368.80127
724.1546	370.52213
724.6377	376.14774
725.12079	384.34943
725.60388	390.77914
726.08698	404.18332
726.57007	406.51709
727.05316	404.43961
727.53625	416.84335
728.01935	413.81824
728.50244	420.35724
728.98553	429.03931
729.46863	425.6416
729.95172	438.46851
730.43475	441.99847
730.91785	454.01566
731.40094	461.38223
731.88403	469.11752
732.36713	477.98178
732.85022	478.08243
733.33331	477.43268
733.81641	481.71606
734.2995	488.64804
734.78259	487.28049
735.26569	492.20047
735.74878	495.51358
736.23187	496.01172
736.71497	501.75632
737.19806	509.4704
737.68115	520.18311
738.16425	530.35529
738.64734	532.8833
739.13043	516.42645
739.61353	512.38654
740.09662	519.02496
740.57971	511.31989
741.06281	521.5553
741.5459	531.28918
742.02899	518.83252
742.51208	523.91254
742.99518	525.32739
743.47827	529.39844
743.96136	518.42963
744.44446	531.93091
744.92755	554.88116
745.41064	542.28851
745.89374	533.32965
746.37683	530.60986
746.85992	515.34265
747.34302	493.99094
747.82611	497.28003
748.3092	497.33691
748.7923	488.02734
749.27539	494.47095
749.75848	498.55014
750.24152	495.04758
750.72461	483.26425
751.2077	479.69394
751.6908	485.76169
752.17389	484.43463
752.65698	464.34207
753.14008	457.95734
753.62317	472.71167
754.10626	457.0213
754.58936	452.72336
755.07245	437.42038
755.55554	443.12524
756.03864	436.91071
756.52173	433.40051
757.00482	419.20062
757.48792	416.65585
757.97101	423.47678
758.4541	431.03622
758.93719	414.49042
759.42029	408.85962
759.90338	411.57501
760.38647	409.96759
760.86957	423.04645
761.35266	400.83197
761.83575	400.27341
762.31885	401.34921
762.80194	401.33621
763.28503	393.10074
763.76813	406.94904
764.25122	383.63708
764.73431	394.60522
765.21741	384.57297
765.7005	398.56378
766.18359	384.05438
766.66669	394.85248
767.14978	376.85501
767.63287	388.77191
768.11597	386.57059
768.59906	385.8215
769.08215	393.14871
769.56525	393.79126
770.04828	381.79813
770.53137	393.55649
771.01447	385.42416
771.49756	378.05173
771.98065	382.88248
772.46375	391.32999
772.94684	389.77899
773.42993	388.08063
773.91302	400.51846
774.39612	398.42828
774.87921	395.05984
775.3623	402.91092
775.8454	393.44855
776.32849	401.24561
776.81158	409.58719
777.29468	405.16562
777.77777	407.99634
778.26086	409.70569
778.74396	405.40222
779.22705	413.37967
779.71014	411.73108
780.19324	399.07138
780.67633	401.94125
781.15942	402.42334
781.64252	415.94388
782.12561	405.43881
782.6087	422.82535
783.0918	412.16602
783.57489	415.99606
784.05798	420.04358
784.54108	416.22824
785.02417	418.37436
785.50726	415.7168
785.99036	418.55542
786.47345	426.62393
786.95654	425.7103
787.43964	429.80817
787.92273	444.68491
788.40582	444.66147
788.88892	441.77875
789.37201	442.04019
789.8551	442.25372
790.33813	442.15878
790.82123	451.37466
791.30432	450.89218
791.78741	442.66754
792.27051	447.43005
792.7536	454.47244
793.23669	460.12253
793.71979	469.36981
794.20288	464.67218
794.68597	477.50854
795.16907	479.86533
795.65216	475.79684
796.13525	480.8497
796.61835	491.30029
797.10144	480.67926
797.58453	486.23325
798.06763	500.19125
798.55072	512.65802
799.03381	496.99011
799.51691	503.3848
800	513.87067
800.48309	542.52002
800.96619	524.33112
801.44928	531.2168
801.93237	537.14941
802.41547	552.28204
802.89856	535.77362
803.38165	553.06134
803.86475	566.17572
804.34784	564.31366
804.83093	581.35449
805.31403	592.53284
805.79712	594.61456
806.28021	596.99176
806.76331	584.35211
807.2464	608.21741
807.72949	642.79498
808.21259	643.19537
808.69568	652.9079
809.17877	653.80664
809.66187	670.84918
810.1449	674.82086
810.62799	692.21185
811.11108	694.46057
811.59418	685.31537
812.07727	711.06122
812.56036	719.36127
813.04346	724.15765
813.52655	738.47278
814.00964	754.49817
814.49274	784.95813
814.97583	790.41748
815.45892	786.53229
815.94202	793.7005
816.42511	820.47424
816.9082	835.2132
817.3913	845.77271
817.87439	852.87219
818.35748	854.12158
818.84058	865.91132
819.32367	884.21777
819.80676	903.29797
820.28986	902.51495
820.77295	933.56525
821.25604	941.53711
821.73914	946.33319
822.22223	956.8241
822.70532	968.51392
823.18842	978.42993
823.67151	1004.4341
824.1546	1007.4572
824.6377	1003.5988
825.12079	1028.6046
825.60388	1030.4996
826.08698	1040.0823
826.57007	1023.1073
827.05316	1044.3917
827.53625	1055.809
828.01935	1058.1394
828.50244	1058.1534
828.98553	1088.4409
829.46863	1079.4346
829.95172	1070.4412
830.43475	1078.1509
830.91785	1095.2765
831.40094	1087.1183
831.88403	1084.5485
832.36713	1084.7887
832.85022	1073.9045
833.33331	1075.9972
833.81641	1085.3104
834.2995	1096.7004
834.78259	1101.2964
835.26569	1070.2487
835.74878	1070.8508
836.23187	1048.7622
836.71497	1063.9706
837.19806	1066.1781
837.68115	1065.8464
838.16425	1052.4194
838.64734	1042.6332
839.13043	1049.9761
839.61353	1035.4213
840.09662	1010.8958
840.57971	1020.9598
841.06281	1019.412
841.5459	998.35461
842.02899	980.22833
842.51208	972.27069
842.99518	968.57117
843.47827	972.74646
843.96136	951.32574
844.44446	944.09491
844.92755	942.65588
845.41064	909.71045
845.89374	905.02576
846.37683	911.04547
846.85992	905.22607
847.34302	910.31287
847.82611	912.17664
848.3092	894.12024
848.7923	887.83154
849.27539	882.9057
849.75848	877.57275
850.24152	861.87292
850.72461	848.44476
851.2077	839.85535
851.6908	829.14081
852.17389	827.57562
852.65698	824.59686
853.14008	822.1181
853.62317	794.06976
854.10626	819.48871
854.58936	792.96643
855.07245	753.52545
855.55554	782.60297
856.03864	789.06079
856.52173	773.60394
857.00482	758.4339
857.48792	768.44403
857.97101	747.4295
858.4541	755.82269
858.93719	758.54272
859.42029	748.42877
859.90338	746.09015
860.38647	729.98492
860.86957	743.46741
861.35266	735.51129
861.83575	720.88428
862.31885	718.15619
862.80194	703.24072
863.28503	692.30731
863.76813	693.20874
864.25122	693.68732
864.73431	682.77075
865.21741	667.56012
865.7005	661.69263
866.18359	655.94244
866.66669	661.28967
867.14978	656.74762
867.63287	642.78448
868.11597	633.3952
868.59906	622.56262
869.08215	612.96545
869.56525	615.19446
870.04828	611.56464
870.53137	609.12262
871.01447	583.96741
871.49756	595.1123
871.98065	574.4267
872.46375	557.28113
872.94684	552.13409
873.42993	554.81653
873.91302	542.06793
874.39612	545.12079
874.87921	528.08643
875.3623	526.474
875.8454	509.01932
876.32849	520.55634
876.81158	499.26526
877.29468	487.41251
877.77777	486.1875
878.26086	484.79974
878.74396	472.92145
879.22705	479.45316
879.71014	462.44867
880.19324	449.68631
880.67633	431.85745
881.15942	433.4848
881.64252	431.65891
882.12561	421.33414
882.6087	423.25345
883.0918	416.23822
883.57489	401.03613
884.05798	396.47952
884.54108	402.66354
885.02417	403.52649
885.50726	389.68259
885.99036	363.96295
886.47345	368.07858
886.95654	369.99194
887.43964	363.22983
887.92273	349.09335
888.40582	341.34158
888.88892	337.2995
889.37201	350.76987
889.8551	340.84708
890.33813	342.91919
890.82123	314.0611
891.30432	326.09802
891.78741	321.83429
892.27051	296.73651
892.7536	306.15594
893.23669	305.15759
893.71979	303.02087
894.20288	300.06479
894.68597	280.38608
895.16907	283.40085
895.65216	284.96143
896.13525	270.85721
896.61835	273.02628
897.10144	279.33615
897.58453	278.42123
898.06763	262.40451
898.55072	249.88321
899.03381	247.49857
899.51691	258.37646
900	253.62791
900.48309	240.58298
900.96619	235.83772
901.44928	233.72452
901.93237	227.68321
902.41547	230.14151
902.89856	232.0907
903.38165	225.76825
903.86475	229.12672
904.34784	211.35988
904.83093	220.87608
905.31403	226.17149
905.79712	221.35738
906.28021	222.0638
906.76331	209.31354
907.2464	219.91658
907.72949	199.23372
908.21259	200.28171
908.69568	193.51057
909.17877	195.98389
909.66187	195.69762
910.1449	196.40038
910.62799	188.45833
911.11108	191.0865
911.59418	184.00528
912.07727	182.06633
912.56036	180.62471
913.04346	177.11227
913.52655	183.07275
914.00964	184.47328
914.49274	175.39505
914.97583	172.19229
915.45892	172.36813
915.94202	173.76085
916.42511	171.72299
916.9082	165.65591
917.3913	164.798
917.87439	167.81879
918.35748	170.05037
918.84058	164.7717
919.32367	167.96655
919.80676	159.98259
920.28986	166.85651
920.77295	166.24451
921.25604	168.22366
921.73914	158.36362
922.22223	162.8855
922.70532	160.2953
923.18842	159.87842
923.67151	160.12643
924.1546	156.33255
924.6377	155.95973
925.12079	153.65149
925.60388	151.00894
926.08698	143.67863
926.57007	144.16821
927.05316	150.8811
927.53625	150.24193
928.01935	142.12784
928.50244	139.1156
928.98553	141.18539
929.46863	140.19432
929.95172	147.87222
930.43475	140.7323
930.91785	142.45061
931.40094	134.36302
931.88403	140.22369
932.36713	137.70036
932.85022	139.14122
933.33331	133.41855
933.81641	128.93939
934.2995	137.35513
934.78259	137.22169
935.26569	138.64731
935.74878	133.68777
936.23187	136.82025
936.71497	134.3495
937.19806	126.93342
937.68115	131.6149
938.16425	134.82402
938.64734	132.25015
939.13043	130.31926
939.61353	133.66359
940.09662	132.51411
940.57971	129.56154
941.06281	127.62048
941.5459	127.35525
942.02899	130.29077
942.51208	126.68034
942.99518	124.24688
943.47827	123.71178
943.96136	121.47673
944.44446	117.98091
944.92755	124.78728
945.41064	119.16562
945.89374	124.66286
946.37683	122.15145
946.85992	123.9496
947.34302	123.02223
947.82611	122.71323
948.3092	119.05678
948.7923	123.29018
949.27539	129.53076
949.75848	122.56791
950.24152	121.86868
950.72461	119.90443
951.2077	118.67221
951.6908	118.36719
952.17389	117.50043
952.65698	117.11917
953.14008	111.1385
953.62317	114.63204
954.10626	114.54868
954.58936	115.33155
955.07245	115.8092
955.55554	111.49772
956.03864	114.7959
956.52173	112.00547
957.00482	114.00262
957.48792	111.94941
957.97101	112.8195
958.4541	113.21179
958.93719	112.84945
959.42029	112.80116
959.90338	111.63716
960.38647	114.08697
960.86957	112.25838
961.35266	112.88109
961.83575	113.00459
962.31885	105.82325
962.80194	105.70679
963.28503	111.97485
963.76813	110.71326
964.25122	115.05511
964.73431	113.10691
965.21741	114.59749
965.7005	108.90926
966.18359	107.98329
966.66669	110.01616
967.14978	103.5175
967.63287	105.03385
968.11597	105.12846
968.59906	108.22906
969.08215	113.51218
969.56525	106.79086
970.04828	105.97258
970.53137	107.03703
971.01447	103.40137
971.49756	103.91547
971.98065	100.26739
972.46375	102.77315
972.94684	105.83338
973.42993	100.09182
973.91302	103.57229
974.39612	106.03094
974.87921	101.31721
975.3623	101.21102
975.8454	100.1225
976.32849	97.895149
976.81158	100.9652
977.29468	96.616402
977.77777	95.956093
978.26086	90.037926
978.74396	96.298798
979.22705	95.727127
979.71014	97.520798
980.19324	94.698837
980.67633	91.083237
981.15942	89.967163
981.64252	91.243164
982.12561	90.725571
982.6087	92.721176
983.0918	90.840202
983.57489	92.085335
984.05798	92.48349
984.54108	90.774796
985.02417	86.505119
985.50726	87.885139
985.99036	91.648056
986.47345	90.59024
986.95654	89.932449
987.43964	91.839294
987.92273	86.901024
988.40582	90.585663
988.88892	92.05323
989.37201	89.541512
989.8551	92.228523
990.33813	88.563927
990.82123	93.04538
991.30432	85.803734
991.78741	94.180397
992.27051	86.589317
992.7536	88.143227
993.23669	96.227592
993.71979	86.759109
994.20288	93.380798
994.68597	86.233719
995.16907	88.403091
995.65216	87.821953
996.13525	87.583023
996.61835	86.166077
997.10144	82.97953
997.58453	87.279816
998.06763	89.16954
998.55072	90.649376
999.03381	86.365685
999.51691	86.531868
1000	82.579582
1000.4831	88.353676
1000.9662	85.143669
1001.4493	85.477814
1001.9324	82.961334
1002.4155	87.067146
1002.8986	81.873543
1003.3817	84.071831
1003.8647	83.831703
1004.3478	84.990372
1004.8309	81.771568
1005.314	84.191772
1005.7971	79.085197
1006.2802	83.147026
1006.7633	82.814537
1007.2464	81.796585
1007.7295	79.241089
1008.2126	81.565178
1008.6957	85.202148
1009.1788	78.972527
1009.6619	73.650627
1010.1449	81.710625
1010.628	82.162033
1011.1111	82.239197
1011.5942	82.801659
1012.0773	82.869286
1012.5604	81.792328
1013.0435	79.389725
1013.5266	82.782433
1014.0096	85.355606
1014.4927	86.679977
1014.9758	81.202087
1015.4589	78.789711
1015.942	81.598839
1016.4251	79.182716
1016.9082	79.025055
1017.3913	74.280685
1017.8744	83.141663
1018.3575	79.510468
1018.8406	78.85331
1019.3237	77.266922
1019.8068	81.539589
1020.2899	81.636978
1020.7729	77.027069
1021.256	73.388962
1021.7391	79.523094
1022.2222	79.02597
1022.7053	76.517479
1023.1884	79.526695
1023.6715	75.3256
1024.1545	76.227203
1024.6377	74.755798
1025.1207	73.858238
1025.6039	77.455154
1026.0869	86.045982
1026.5701	84.151802
1027.0531	81.60511
1027.5363	74.036201
1028.0193	78.898972
1028.5024	76.134529
1028.9855	78.241676
1029.4686	76.069839
1029.9517	80.220695
1030.4348	80.66349
1030.9178	77.884422
1031.401	76.164558
1031.884	79.987854
1032.3672	78.643631
1032.8502	75.61084
1033.3334	75.856537
1033.8164	78.418297
1034.2996	78.006027
1034.7826	76.368706
1035.2657	74.211685
1035.7488	73.485542
1036.2319	80.451797
1036.715	79.733482
1037.1981	74.597916
1037.6812	75.256302
1038.1643	73.116318
1038.6473	74.040627
1039.1305	74.036003
1039.6135	75.601219
1040.0966	71.000969
1040.5797	73.383865
1041.0627	68.930374
1041.5459	68.39756
1042.0289	70.63311
1042.5121	75.672073
1042.9951	76.064087
1043.4783	74.829788
1043.9613	71.254524
1044.4445	76.238297
1044.9275	74.697914
1045.4106	72.235802
1045.8937	73.528915
1046.3768	75.845802
1046.8599	71.562416
1047.343	70.661797
1047.826	76.10643
1048.3092	69.568924
1048.7922	73.998222
1049.2754	72.781563
1049.7584	71.93409
1050.2416	65.704231
1050.7246	69.111259
1051.2078	72.996597
1051.6908	69.636658
1052.174	66.664726
1052.657	68.974968
1053.1401	69.636551
1053.6232	69.383286
1054.1063	69.728226
1054.5894	68.169632
1055.0725	66.657364
1055.5555	66.001656
1056.0387	66.099213
1056.5217	70.180756
1057.0049	67.505417
1057.4879	71.511726
1057.9711	72.04921
1058.4541	71.573959
1058.9373	70.869484
1059.4203	63.488117
1059.9034	67.792267
1060.3865	71.026787
1060.8695	70.335152
1061.3527	65.924667
1061.8357	65.944534
1062.3188	65.235092
1062.8019	64.02005
1063.285	65.764717
1063.7681	64.598953
1064.2512	67.286301
1064.7343	69.639931
1065.2174	65.996307
1065.7004	70.399849
1066.1836	57.692184
1066.6666	66.503174
1067.1498	65.049728
1067.6328	68.99704
1068.116	67.082664
1068.599	68.595375
1069.0822	63.446434
1069.5652	64.146439
1070.0483	62.276878
1070.5314	68.766678
1071.0145	68.292747
1071.4976	64.200768
1071.9807	63.57111
1072.4637	64.924301
1072.9469	67.502129
1073.4299	63.951721
1073.9131	64.552002
1074.3961	66.664261
1074.8793	62.528309
1075.3623	61.579174
1075.8455	65.538841
1076.3285	62.153229
1076.8116	67.464302
1077.2947	70.071297
1077.7778	65.695038
1078.2609	62.052017
1078.744	63.913548
1079.2271	67.030861
1079.7102	64.161743
1080.1932	65.378159
1080.6763	66.0839
1081.1594	66.071869
1081.6425	64.941299
1082.1256	62.646698
1082.6086	57.635208
1083.0918	60.377354
1083.5748	62.09005
1084.058	61.58252
1084.541	63.8046
1085.0242	56.203777
1085.5072	58.067936
1085.9904	67.206955
1086.4734	68.565781
1086.9565	65.87265
1087.4396	66.134697
1087.9227	61.359837
1088.4058	61.780117
1088.8889	65.215759
1089.3719	64.952904
1089.8551	63.19239
1090.3381	63.620304
1090.8213	62.989815
1091.3043	61.065487
1091.7875	66.907066
1092.2705	65.230934
1092.7537	63.594173
1093.2367	68.105156
1093.7198	62.691166
1094.2029	59.836044
1094.686	55.994453
1095.1691	65.420265
1095.6522	63.162159
1096.1353	64.347115
1096.6184	64.369408
1097.1014	65.761871
1097.5846	69.478889
1098.0676	64.764244
1098.5508	61.812744
1099.0338	66.395149
1099.517	69.781914
1100	70.946037
1100.483	71.965393
1100.9662	63.18084
1101.4492	58.894531
1101.9324	62.619614
1102.4154	62.21579
1102.8986	64.703934
1103.3816	55.022224
1103.8647	68.918648
1104.3478	68.569427
1104.8309	60.650806
1105.314	59.967758
1105.7971	63.008583
1106.2802	62.659229
1106.7633	62.251778
1107.2463	65.503632
1107.7295	65.179802
1108.2125	60.43539
1108.6957	66.239265
1109.1787	67.29538
1109.6619	67.935524
1110.1449	71.063881
1110.6281	67.326675
1111.1111	66.978279
1111.5942	67.68969
1112.0773	69.887779
1112.5604	66.204834
1113.0435	67.058952
1113.5266	66.924911
1114.0096	66.40123
1114.4928	68.790573
1114.9758	67.021179
1115.459	64.8657
1115.942	65.746063
1116.4252	64.793449
1116.9082	58.916927
1117.3914	60.215416
1117.8744	66.649895
1118.3575	64.182213
1118.8406	63.728104
1119.3237	64.099899
1119.8068	66.4235
1120.2898	60.662289
1120.7729	71.152596
1121.256	65.089462
1121.7391	69.796661
1122.2222	67.818504
1122.7053	64.976791
1123.1884	63.991753
1123.6715	62.424099
1124.1545	66.64119
1124.6377	68.669235
1125.1207	70.193092
1125.6039	66.45536
1126.0869	67.425476
1126.5701	65.112442
1127.0531	68.777939
1127.5363	71.528275
1128.0193	66.224625
1128.5024	62.885944
1128.9855	66.179001
1129.4686	69.39463
1129.9517	68.166252
1130.4348	64.869675
1130.9178	64.412247
1131.401	63.831974
1131.884	62.525478
1132.3672	63.175385
1132.8502	63.536732
1133.3334	67.300545
1133.8164	65.431709
1134.2996	65.600403
1134.7826	57.763996
1135.2657	61.038143
1135.7488	63.703766
1136.2319	68.862183
1136.715	66.600708
1137.1981	65.009354
1137.6812	64.499565
1138.1643	68.090439
1138.6473	69.11142
1139.1305	65.081055
1139.6135	66.42141
1140.0966	66.172066
1140.5797	72.082451
1141.0627	65.844994
1141.5459	61.716694
1142.0289	65.974335
1142.5121	67.82515
1142.9951	66.548195
1143.4783	64.697266
1143.9613	65.324448
1144.4445	65.126579
1144.9275	64.460419
1145.4106	63.519562
1145.8937	65.534187
1146.3768	68.634079
1146.8599	64.246834
1147.343	63.824318
1147.826	65.932297
1148.3092	64.635292
1148.7922	60.630268
1149.2754	61.997993
1149.7584	63.447834
1150.2416	64.598907
1150.7246	62.778595
1151.2078	62.846378
1151.6908	61.313541
1152.174	65.804573
1152.657	63.287872
1153.1401	62.453583
1153.6232	61.598778
1154.1063	60.419659
1154.5894	60.142036
1155.0725	65.833023
1155.5555	60.977459
1156.0387	67.355827
1156.5217	65.75164
1157.0049	61.161541
1157.4879	57.386475
1157.9711	55.228989
1158.4541	67.365517
1158.9373	64.746887
1159.4203	63.675564
1159.9034	60.840164
1160.3865	62.115421
1160.8695	61.021523
1161.3527	61.420193
1161.8357	59.658676
1162.3188	60.18301
1162.8019	58.43425
1163.285	61.365597
1163.7681	56.971531
1164.2512	59.790897
1164.7343	63.967999
1165.2174	58.409946
1165.7004	58.499443
1166.1836	58.820404
1166.6666	59.963192
1167.1498	60.651962
1167.6328	61.763863
1168.116	60.72525
1168.599	53.856781
1169.0822	57.243977
1169.5652	57.738781
1170.0483	57.199253
1170.5314	59.165726
1171.0145	55.466999
1171.4976	57.277451
1171.9807	55.221195
1172.4637	55.911774
1172.9469	57.18034
1173.4299	57.700684
1173.9131	58.548748
1174.3961	52.995129
1174.8793	56.621368
1175.3623	54.458035
1175.8455	52.83078
1176.3285	51.004837
1176.8116	54.315083
1177.2947	53.938095
1177.7778	52.872314
1178.2609	52.456654
1178.744	56.108807
1179.2271	57.596252
1179.7102	56.819
1180.1932	55.333508
1180.6763	52.343052
1181.1594	52.570381
1181.6425	54.136028
1182.1256	56.853458
1182.6086	54.064274
1183.0918	47.625301
1183.5748	54.496853
1184.058	53.659237
1184.541	58.238796
1185.0242	50.290436
1185.5072	44.861557
1185.9904	50.043068
1186.4734	52.101578
1186.9565	53.13533
1187.4396	57.793785
1187.9227	55.323036
1188.4058	52.555077
1188.8889	53.037155
1189.3719	52.222515
1189.8551	50.360023
1190.3381	57.32235
1190.8213	51.14027
1191.3043	50.485008
1191.7875	52.993885
1192.2705	51.397179
1192.7537	51.697338
1193.2367	51.69186
1193.7198	50.030613
1194.2029	49.187374
1194.686	53.09396
1195.1691	49.321255
1195.6522	45.597038
1196.1353	51.926765
1196.6184	52.486717
1197.1014	49.886158
1197.5846	50.67955
1198.0676	49.379513
1198.5508	48.640537
1199.0338	47.207867
1199.517	47.018795
1200	51.075428
