100	15151.161
100.48309	15188.005
100.96619	15261.233
101.44927	15279.538
101.93237	15285.306
102.41546	15368.997
102.89855	15385.068
103.38165	15399.348
103.86473	15399.747
104.34782	15439.079
104.83092	15470.839
105.31401	15489.104
105.7971	15583.037
106.28019	15532.612
106.76328	15456.563
107.24638	15601.136
107.72947	15573.493
108.21256	15633.181
108.69566	15669.366
109.17874	15638.49
109.66183	15626.16
110.14493	15661.886
110.62802	15698.999
111.11111	15709.213
111.5942	15725.065
112.07729	15771.849
112.56039	15802.756
113.04348	15800.131
113.52657	15917.539
114.00966	15812.833
114.49275	15912.438
114.97585	15785.021
115.45894	15817.304
115.94203	15944.433
116.42512	15959.354
116.90821	15930.76
117.3913	15921.402
117.8744	15980.781
118.35749	16101.7
118.84058	16000.788
119.32367	15958.151
119.80676	16108.638
120.28986	16020.643
120.77295	16095.12
121.25603	16124.716
121.73913	16097.117
122.22222	16099.263
122.70531	16130.361
123.18841	16071.64
123.6715	16030.277
124.15459	16060.237
124.63768	16085.803
125.12077	16171.285
125.60387	16092.242
126.08696	16094.72
126.57005	16128.847
127.05314	16138.8
127.53623	16014.139
128.01932	15996.261
128.50241	15994.311
128.9855	15962.925
129.4686	15977.258
129.95169	16022.406
130.43478	16011.079
130.91788	15958.027
131.40097	15931.185
131.88406	15886.449
132.36716	15906.446
132.85023	15963.747
133.33333	15937.342
133.81642	15805.686
134.29951	15854.662
134.78261	15858.019
135.2657	15865.347
135.74879	15834.475
136.23189	15800.959
136.71498	15778.537
137.19807	15794.781
137.68115	15834.122
138.16425	15793.067
138.64734	15799.947
139.13043	15780.167
139.61353	15804.651
140.09662	15813.982
140.57971	15779.559
141.06281	15807.866
141.5459	15855.714
142.02899	15798.363
142.51207	15765.64
142.99516	15867.078
143.47826	15891.922
143.96135	15812.711
144.44444	15804.657
144.92754	15754.92
145.41063	15843.986
145.89372	15836.406
146.37682	15793.402
146.85991	15794.521
147.343	15839.863
147.82608	15780.839
148.30917	15749.141
148.79227	15754.454
149.27536	15755.196
149.75845	15754.394
150.24155	15670.136
150.72464	15618.104
151.20773	15699.648
151.69083	15618.78
152.17392	15605.322
152.657	15684.609
153.14009	15575.332
153.62318	15696.107
154.10628	15593.559
154.58937	15607.043
155.07246	15562.391
155.55556	15589.825
156.03865	15590.541
156.52174	15539.511
157.00484	15516.749
157.48793	15495.66
157.97101	15455.062
158.4541	15493.215
158.93719	15508.908
159.42029	15493.179
159.90338	15382.242
160.38647	15332.003
160.86957	15351.594
161.35266	15300.684
161.83575	15322.866
162.31885	15330.729
162.80193	15349.6
163.28502	15307.802
163.76811	15280.907
164.25121	15270.891
164.7343	15208.179
165.21739	15201.842
165.70049	15246.403
166.18358	15179.246
166.66667	15155.524
167.14977	15037.817
167.63284	15104.957
168.11594	15131.003
168.59903	15111.548
169.08212	15019.855
169.56522	14983.991
170.04831	15023.83
170.5314	15036.497
171.0145	15020.27
171.49759	14954.521
171.98068	14875.522
172.46378	14924.231
172.94685	14830.838
173.42995	14744.996
173.91304	14860.803
174.39613	14793.913
174.87923	14824.83
175.36232	14786.896
175.84541	14757.751
176.32851	14703.214
176.8116	14670.101
177.29469	14607.107
177.77777	14619.659
178.26086	14629.349
178.74396	14527.271
179.22705	14502.778
179.71014	14580.597
180.19324	14498.654
180.67633	14407.126
181.15942	14395.396
181.64252	14311.797
182.12561	14397.934
182.60869	14346.179
183.09178	14275.989
183.57487	14236.185
184.05797	14274.839
184.54106	14226.312
185.02415	14128.282
185.50725	14099.086
185.99034	14075.291
186.47343	14014.616
186.95653	14013.558
187.43962	13994.511
187.9227	14036.021
188.40579	13979.567
188.88889	13978.1
189.37198	13863.971
189.85507	13826.694
190.33817	13798.804
190.82126	13725.035
191.30435	13682.888
191.78745	13687.423
192.27054	13709.697
192.75362	13669.896
193.23671	13576.917
193.7198	13533.791
194.2029	13511.329
194.68599	13434.293
195.16908	13437.556
195.65218	13447.67
196.13527	13305.613
196.61836	13310.363
197.10146	13217.234
197.58453	13256.593
198.06763	13254.944
198.55072	13213.743
199.03381	13116.019
199.51691	13078.924
200	13065.287
200.48309	13003.168
200.96619	12969.453
201.44928	12980.242
201.93237	12924.573
202.41547	12836.59
202.89854	12764.535
203.38164	12888.672
203.86473	12806.884
204.34782	12714.51
204.83092	12727.452
205.31401	12685.635
205.7971	12572.52
206.2802	12560.545
206.76329	12571.591
207.24638	12508.911
207.72946	12391.394
208.21255	12333.728
208.69565	12386.996
209.17874	12422.135
209.66183	12346.798
210.14493	12248.313
210.62802	12216.655
211.11111	12157.832
211.59421	12117.942
212.0773	12003.29
212.56038	12098.738
213.04347	12006.136
213.52657	11969.936
214.00966	11886.054
214.49275	11887.226
214.97585	11854.197
215.45894	11767.728
215.94203	11740.807
216.42513	11743.969
216.90822	11722.253
217.39131	11656.325
217.87439	11604.062
218.35748	11510.235
218.84058	11423.802
219.32367	11501.416
219.80676	11414.433
220.28986	11446.874
220.77295	11416.005
221.25604	11362.429
221.73914	11299.336
222.22223	11279.721
222.70531	11252.587
223.1884	11207.739
223.67149	11196.671
224.15459	11141.446
224.63768	11012.858
225.12077	11010.481
225.60387	11000.531
226.08696	10876.066
226.57005	10830.693
227.05315	10791.928
227.53622	10926.651
228.01932	10780.31
228.50241	10748.922
228.9855	10720.13
229.4686	10657.512
229.95169	10626.746
230.43478	10590.969
230.91788	10580.097
231.40097	10549.379
231.88406	10501.37
232.36716	10499.259
232.85023	10453.682
233.33333	10375.15
233.81642	10361.061
234.29951	10360.004
234.78261	10294.717
235.2657	10280.669
235.74879	10294.302
236.23189	10186.812
236.71498	10184.525
237.19807	10170.626
237.68115	10108.972
238.16425	10057.744
238.64734	10035.723
239.13043	10012.716
239.61353	9996.5791
240.09662	10010.278
240.57971	9992.8887
241.06281	9906.2021
241.5459	9855.0605
242.02899	9802.8965
242.51207	9831.9697
242.99516	9774.1631
243.47826	9804.04
243.96135	9777.1338
244.44444	9719.0986
244.92754	9726.1846
245.41063	9690.8447
245.89372	9669.5879
246.37682	9651.4941
246.85991	9623.4307
247.343	9530.8672
247.82608	9458.499
248.30917	9461.7676
248.79227	9474.9414
249.27536	9486.4482
249.75845	9469.6152
250.24155	9425.0186
250.72464	9369.5518
251.20773	9414.1035
251.69083	9319.6602
252.17392	9310.2588
252.657	9287.0557
253.14009	9241.3496
253.62318	9234.5205
254.10628	9201.7988
254.58937	9170.9072
255.07246	9150.6738
255.55556	9167.917
256.03864	9148.9961
256.52173	9105.0186
257.00482	9094.0205
257.48792	9070.125
257.97101	9043.2246
258.4541	9041.75
258.93719	8995.2871
259.42029	9049.4951
259.90338	9093.46
260.38647	8957.8232
260.86957	9018.4053
261.35266	9003.3525
261.83575	8947.1846
262.31885	8903.4512
262.80194	8839.4883
263.28503	8853.1162
263.76813	8859.5996
264.25122	8881.7256
264.73431	8819.0947
265.21738	8751.6055
265.70047	8771.7578
266.18356	8754.2939
266.66666	8742.8027
267.14975	8754.8408
267.63284	8741.4834
268.11594	8685.3125
268.59903	8681.8652
269.08212	8663.8887
269.56522	8644.1953
270.04831	8690.1885
270.5314	8630.7842
271.0145	8654.4941
271.49759	8667.2998
271.98068	8647.29
272.46378	8632.8145
272.94687	8628.9189
273.42996	8631.8838
273.91306	8625.8428
274.39615	8591.7461
274.87924	8590.1943
275.3623	8632.8848
275.8454	8611.7607
276.32849	8622.7061
276.81158	8559.7842
277.29468	8581.9844
277.77777	8554.8213
278.26086	8593.4375
278.74396	8514.1719
279.22705	8541.1865
279.71014	8536.8594
280.19324	8536.5615
280.67633	8493.7021
281.15942	8524.2422
281.64252	8561.542
282.12561	8581.5361
282.6087	8592.8174
283.0918	8578.3916
283.57489	8575.9336
284.05798	8584.5176
284.54108	8546.832
285.02414	8547.5674
285.50723	8589.2568
285.99033	8545.5625
286.47342	8484.4043
286.95651	8493.2266
287.43961	8631.0225
287.9227	8600.167
288.40579	8549.3584
288.88889	8606.7939
289.37198	8626.291
289.85507	8641.6025
290.33817	8686.9277
290.82126	8661.125
291.30435	8675.9648
291.78745	8715.6914
292.27054	8702.4521
292.75363	8652.207
293.23672	8658.8721
293.71982	8723.8584
294.20291	8710.8877
294.686	8730.9229
295.16907	8805.71
295.65216	8758.9307
296.13525	8801.4805
296.61835	8749.2637
297.10144	8864.4287
297.58453	8785.6738
298.06763	8800.8672
298.55072	8780.1221
299.03381	8778.6133
299.51691	8936.4893
300	8974.9746
300.48309	9001.7227
300.96619	9011.4932
301.44928	9014.1963
301.93237	9046.6855
302.41547	9077.4492
302.89856	9106.1533
303.38165	9144.4893
303.86475	9169.3857
304.34784	9153.332
304.83093	9032.627
305.314	9163.3115
305.79709	9171.002
306.28018	9246.9063
306.76328	9171.7881
307.24637	9298.4512
307.72946	9337.5605
308.21255	9356.2139
308.69565	9338.0264
309.17874	9389.8018
309.66183	9376.4971
310.14493	9404.1182
310.62802	9434.0889
311.11111	9479.4277
311.59421	9548.0107
312.0773	9561.8154
312.56039	9546.4463
313.04349	9553.3379
313.52658	9578.2744
314.00967	9656.2002
314.49277	9638.46
314.97586	9771.207
315.45892	9803.5684
315.94202	9809.1445
316.42511	9750.2959
316.9082	9729.9775
317.3913	9799.0068
317.87439	9890.4805
318.35748	9956.1924
318.84058	9925.543
319.32367	9973.3311
319.80676	10036.217
320.28986	10008.682
320.77295	10054
321.25604	10096.617
321.73914	10109.682
322.22223	10129.848
322.70532	10115.498
323.18842	10154.35
323.67151	10285.93
324.1546	10352.63
324.6377	10359.721
325.12076	10221.295
325.60385	10344.471
326.08694	10400.756
326.57004	10426.454
327.05313	10505.165
327.53622	10505.165
328.01932	10545.274
328.50241	10577.665
328.9855	10640.944
329.4686	10659.807
329.95169	10700.057
330.43478	10685.693
330.91788	10709.298
331.40097	10763.48
331.88406	10730.614
332.36716	10706.06
332.85025	10726.684
333.33334	10789.519
333.81644	10878.981
334.29953	10848.918
334.78262	10855.095
335.26569	10843.673
335.74878	10848.557
336.23187	10885.472
336.71497	10791.562
337.19806	10917.136
337.68115	10896.939
338.16425	10911.416
338.64734	10907.894
339.13043	10859.467
339.61353	10831.646
340.09662	10853.128
340.57971	10855.446
341.06281	10849.716
341.5459	10781.384
342.02899	10769.839
342.51208	10832.246
342.99518	10803.728
343.47827	10736.021
343.96136	10724.791
344.44446	10681.716
344.92755	10592.962
345.41061	10537.954
345.89371	10565.146
346.3768	10579.686
346.85989	10590.785
347.34299	10622.465
347.82608	10522.66
348.30917	10475.059
348.79227	10350.405
349.27536	10414.659
349.75845	10407.857
350.24155	10292.94
350.72464	10274.01
351.20773	10244.583
351.69083	10274.948
352.17392	10246.31
352.65701	10237.748
353.14011	10159.256
353.6232	10143.161
354.10629	10137.783
354.58939	10112.451
355.07245	10138.905
355.55554	10139.038
356.03864	10084.795
356.52173	10060.604
357.00482	10060.261
357.48792	10039.445
357.97101	10052.462
358.4541	10022.986
358.93719	10018.034
359.42029	10075.178
359.90338	10015.083
360.38647	10021.955
360.86957	10085.525
361.35266	10053.491
361.83575	10195.399
362.31885	10187.224
362.80194	10236.873
363.28503	10308.315
363.76813	10331.656
364.25122	10422.666
364.73431	10460.638
365.21738	10468.499
365.70047	10489.296
366.18356	10554.354
366.66666	10638.792
367.14975	10720.945
367.63284	10808.805
368.11594	10857.872
368.59903	10917.277
369.08212	10989.488
369.56522	11036.942
370.04831	11109.27
370.5314	11163.347
371.0145	11218.268
371.49759	11451.84
371.98068	11446.253
372.46378	11535.111
372.94687	11672.963
373.42996	11754.023
373.91306	11893.41
374.39615	11850.259
374.87924	12008.302
375.3623	12144.614
375.8454	12244.175
376.32849	12307.177
376.81158	12367.476
377.29468	12460.446
377.77777	12591.933
378.26086	12685.608
378.74396	12721.041
379.22705	12751.24
379.71014	12830.255
380.19324	12986.021
380.67633	13135.321
381.15942	13234.377
381.64252	13326.429
382.12561	13278.727
382.6087	13374.101
383.0918	13499.849
383.57489	13621.666
384.05798	13707.696
384.54108	13818.387
385.02414	13886.14
385.50723	13944.092
385.99033	14101.9
386.47342	14166.765
386.95651	14274.145
387.43961	14289.94
387.9227	14440.495
388.40579	14555.383
388.88889	14580.139
389.37198	14731.158
389.85507	14801.037
390.33817	14823.426
390.82126	15026.619
391.30435	15242.729
391.78745	15317.737
392.27054	15433.28
392.75363	15605.559
393.23672	15718.261
393.71982	15815.986
394.20291	15929.315
394.686	16187.959
395.16907	16239.84
395.65216	16371.434
396.13525	16560.77
396.61835	16665.01
397.10144	16712.535
397.58453	16845.785
398.06763	16990.098
398.55072	17077.029
399.03381	17222.549
399.51691	17273.979
400	17299.695
400.48309	17523.947
400.96619	17662.072
401.44928	17772.951
401.93237	17870.064
402.41547	17926.607
402.89856	17982.314
403.38165	18029.668
403.86475	18011.115
404.34784	18075.053
404.83093	18155.574
405.314	18228.641
405.79709	18347.094
406.28018	18397.176
406.76328	18395.992
407.24637	18417.438
407.72946	18408.436
408.21255	18339.596
408.69565	18403.959
409.17874	18475.764
409.66183	18492.797
410.14493	18483.732
410.62802	18446.285
411.11111	18414.129
411.59421	18419.102
412.0773	18491.436
412.56039	18605.971
413.04349	18634.898
413.52658	18626.355
414.00967	18529.178
414.49277	18539.883
414.97586	18567.701
415.45892	18648.453
415.94202	18737.113
416.42511	18746.279
416.9082	18824.877
417.3913	18855.207
417.87439	18829.037
418.35748	18957.533
418.84058	19075.059
419.32367	19021.727
419.80676	19057.818
420.28986	19180.23
420.77295	19186.182
421.25604	19226.232
421.73914	19349.125
422.22223	19351.635
422.70532	19240.314
423.18842	19282.865
423.67151	19340.195
424.1546	19301.844
424.6377	19427.777
425.12076	19433.385
425.60385	19488.438
426.08694	19405.684
426.57004	19446.939
427.05313	19288.098
427.53622	19264.732
428.01932	19352.428
428.50241	19217.668
428.9855	19064.42
429.4686	19051.318
429.95169	18991.08
430.43478	18928.1
430.91788	18863.104
431.40097	18739.059
431.88406	18678.471
432.36716	18561.604
432.85025	18519.85
433.33334	18453.875
433.81644	18265.41
434.29953	18108.07
434.78262	18027.563
435.26569	17951.943
435.74878	17855.072
436.23187	17723.148
436.71497	17609.135
437.19806	17534.289
437.68115	17436.047
438.16425	17377.375
438.64734	17320.463
439.13043	17266.461
439.61353	17213.836
440.09662	17163.279
440.57971	17089.727
441.06281	16994.822
441.5459	16973.43
442.02899	17000.145
442.51208	16851.971
442.99518	16874.539
443.47827	16962.035
443.96136	16816.645
444.44446	16723.186
444.92755	16812.957
445.41061	16773.912
445.89371	16694.652
446.3768	16663.338
446.85989	16725.811
447.34299	16793.721
447.82608	16732.947
448.30917	16758.393
448.79227	16775.436
449.27536	16749.25
449.75845	16769.182
450.24155	16854.043
450.72464	16905.449
451.20773	16884.691
451.69083	16871.732
452.17392	16975.018
452.65701	17095.959
453.14011	17157.473
453.6232	17238.613
454.10629	17308.459
454.58939	17355.982
455.07245	17392.541
455.55554	17489.41
456.03864	17567.313
456.52173	17715.066
457.00482	17783.152
457.48792	17732.236
457.97101	17814.99
458.4541	17844.963
458.93719	17894.789
459.42029	17873.088
459.90338	17861.133
460.38647	17902.271
460.86957	17996.986
461.35266	18054.746
461.83575	18002.096
462.31885	17993.43
462.80194	18038.268
463.28503	17906.115
463.76813	17953.1
464.25122	17971.324
464.73431	17898.146
465.21738	17879.311
465.70047	17723.658
466.18356	17629.363
466.66666	17694.385
467.14975	17695.943
467.63284	17680.471
468.11594	17635.375
468.59903	17508.002
469.08212	17490.203
469.56522	17541.99
470.04831	17553.242
470.5314	17534.215
471.0145	17510.613
471.49759	17542.326
471.98068	17589.633
472.46378	17633.26
472.94687	17691.348
473.42996	17680.855
473.91306	17686.686
474.39615	17749.57
474.87924	17862.203
475.3623	17964.281
475.8454	18043.002
476.32849	18108.936
476.81158	18276.512
477.29468	18405.844
477.77777	18600.883
478.26086	18780.121
478.74396	18864.047
479.22705	19069.393
479.71014	19224.715
480.19324	19430.578
480.67633	19695.004
481.15942	19936.166
481.64252	20074
482.12561	20244.262
482.6087	20380.063
483.0918	20645.834
483.57489	20842.9
484.05798	21094.889
484.54108	21215.631
485.02414	21330.789
485.50723	21430.041
485.99033	21706.924
486.47342	21794.244
486.95651	21813.012
487.43961	21941.219
487.9227	22086.713
488.40579	22211.906
488.88889	22258.066
489.37198	22193.396
489.85507	22154.439
490.33817	22214.781
490.82126	22228.896
491.30435	22268.004
491.78745	22298.469
492.27054	22273.242
492.75363	22228.055
493.23672	22170.711
493.71982	22177.725
494.20291	22041.092
494.686	21888.809
495.16907	21910.076
495.65216	21931.803
496.13525	22018.604
496.61835	21951.287
497.10144	21810.891
497.58453	21852.092
498.06763	21853.115
498.55072	21810.355
499.03381	21698.809
499.51691	21703.084
500	21626.117
500.48309	21568.576
500.96619	21462.143
501.44928	21520.842
501.93237	21396.748
502.41547	21239.906
502.89856	21171.604
503.38165	21259.377
503.86475	21073.354
504.34784	21039.508
504.83093	21012.096
505.314	20893.826
505.79709	20905.719
506.28018	20733.34
506.76328	20530.006
507.24637	20493.82
507.72946	20300.717
508.21255	20211.723
508.69565	20097.932
509.17874	20003.223
509.66183	19886.717
510.14493	19682.842
510.62802	19489.299
511.11111	19330.916
511.59421	19234.5
512.07727	19021.234
512.56036	18764.863
513.04346	18679.426
513.52655	18528.764
514.00964	18320.824
514.49274	18168.406
514.97583	17994.645
515.45892	17855.904
515.94202	17722.26
516.42511	17513.381
516.9082	17357.131
517.3913	17214.289
517.87439	17043.078
518.35748	16899.773
518.84058	16738.621
519.32367	16637.721
519.80676	16558.506
520.28986	16418.195
520.77295	16243.669
521.25604	16176.295
521.73914	16070.373
522.22223	15972.747
522.70532	15866.745
523.18842	15773.52
523.67151	15641.709
524.1546	15593.61
524.6377	15572.061
525.12079	15478.864
525.60388	15414.145
526.08698	15258.494
526.57007	15243.976
527.05316	15201.585
527.53625	15047.11
528.01935	15091.301
528.50244	15043.888
528.98553	15010.813
529.46863	14961.094
529.95172	15015.604
530.43475	14889.645
530.91785	14854.218
531.40094	14814.42
531.88403	14768.624
532.36713	14728.324
532.85022	14607.011
533.33331	14618.694
533.81641	14572.929
534.2995	14572.297
534.78259	14578.873
535.26569	14527.131
535.74878	14465.71
536.23187	14403.943
536.71497	14442.405
537.19806	14331.23
537.68115	14365.873
538.16425	14359.729
538.64734	14305.676
539.13043	14273.774
539.61353	14333.344
540.09662	14355.455
540.57971	14281.985
541.06281	14234.058
541.5459	14180.241
542.02899	14237.14
542.51208	14231.467
542.99518	14200.663
543.47827	14222.139
543.96136	14203.56
544.44446	14125.983
544.92755	14079.197
545.41064	14104.897
545.89374	14108.327
546.37683	14062.59
546.85992	14080.643
547.34302	14032.321
547.82611	14016.293
548.3092	14054.84
548.7923	14091.178
549.27539	14080.5
549.75848	14011.431
550.24152	14001.431
550.72461	13956.023
551.2077	13923.335
551.6908	13938.051
552.17389	13892.868
552.65698	13849.355
553.14008	13889.189
553.62317	13859.712
554.10626	13863.23
554.58936	13876.092
555.07245	13891.001
555.55554	13918.095
556.03864	13912.211
556.52173	13857.405
557.00482	13863.397
557.48792	13918.082
557.97101	13969.858
558.4541	13886.896
558.93719	13842.704
559.42029	13948.854
559.90338	14003.916
560.38647	13895.02
560.86957	13948.291
561.35266	13986.717
561.83575	14079.42
562.31885	14059.246
562.80194	14022.26
563.28503	14054.507
563.76813	13993.654
564.25122	14054.211
564.73431	14132.979
565.21741	14073.318
565.7005	14080.588
566.18359	14118.6
566.66669	14105.082
567.14978	14020.414
567.63287	13940.458
568.11597	14077.094
568.59906	14049.34
569.08215	14021.682
569.56525	13935.88
570.04828	13937.453
570.53137	13994.742
571.01447	13938.536
571.49756	13830.204
571.98065	13824.399
572.46375	13763.805
572.94684	13829.078
573.42993	13591.234
573.91302	13532.22
574.39612	13462.108
574.87921	13346.88
575.3623	13389.238
575.8454	13377.629
576.32849	13241.803
576.81158	13214.151
577.29468	13089.611
577.77777	13013.655
578.26086	12882.439
578.74396	12773.258
579.22705	12888.216
579.71014	12659.423
580.19324	12585.854
580.67633	12585.22
581.15942	12449.091
581.64252	12412.313
582.12561	12384.253
582.6087	12327.197
583.0918	12235.973
583.57489	12211.142
584.05798	12035.125
584.54108	11925.357
585.02417	11877.939
585.50726	11825.356
585.99036	11755.309
586.47345	11679.252
586.95654	11663.725
587.43964	11613.852
587.92273	11534.686
588.40582	11501.228
588.88892	11435.167
589.37201	11411.356
589.8551	11301.975
590.33813	11231.275
590.82123	11208.31
591.30432	11094.003
591.78741	11118.571
592.27051	11071.31
592.7536	10989.389
593.23669	10908.346
593.71979	10882.635
594.20288	10805.594
594.68597	10720.903
595.16907	10633.136
595.65216	10607.385
596.13525	10556.672
596.61835	10538.23
597.10144	10477.092
597.58453	10435.461
598.06763	10368.504
598.55072	10360.598
599.03381	10255.938
599.51691	10206.685
600	10123.354
600.48309	9972.3223
600.96619	9924.5557
601.44928	9915.5967
601.93237	9871.3584
602.41547	9802.9336
602.89856	9710.1475
603.38165	9660.4746
603.86475	9583.8486
604.34784	9535.6318
604.83093	9462.7168
605.31403	9440.5156
605.79712	9436.4951
606.28021	9392.7354
606.76331	9317.2256
607.2464	9257.2188
607.72949	9207.877
608.21259	9210.4248
608.69568	9142.7793
609.17877	9053.2598
609.66187	9012.0479
610.1449	9007.167
610.62799	8992.5029
611.11108	8924.0078
611.59418	8945.9541
612.07727	8880.042
612.56036	8828.6045
613.04346	8754.0586
613.52655	8747.6563
614.00964	8733.8623
614.49274	8734.8652
614.97583	8688.4756
615.45892	8629.1797
615.94202	8638.876
616.42511	8642.9502
616.9082	8622.2783
617.3913	8593.7393
617.87439	8520.876
618.35748	8546.0156
618.84058	8553.3457
619.32367	8529.2813
619.80676	8537.1523
620.28986	8503.9434
620.77295	8461.6621
621.25604	8465.6143
621.73914	8490.2549
622.22223	8498.1123
622.70532	8473.9746
623.18842	8465.8389
623.67151	8472.3066
624.1546	8478.6885
624.6377	8479.1816
625.12079	8451.457
625.60388	8483.6465
626.08698	8532.2451
626.57007	8533.4307
627.05316	8527.0566
627.53625	8551.6914
628.01935	8545.8193
628.50244	8578.9336
628.98553	8596.7607
629.46863	8596.3652
629.95172	8613.4424
630.43475	8639.5371
630.91785	8599.6719
631.40094	8634.374
631.88403	8631.5029
632.36713	8680.3252
632.85022	8732.0537
633.33331	8707.6348
633.81641	8787.4531
634.2995	8798.5049
634.78259	8771.418
635.26569	8812.168
635.74878	8904.3574
636.23187	8867.9004
636.71497	8998.4238
637.19806	8925.5049
637.68115	8943.2021
638.16425	8989.1182
638.64734	9080.4482
639.13043	9094.8506
639.61353	9118.6396
640.09662	9159.8447
640.57971	9098.9482
641.06281	9061.4316
641.5459	9167.123
642.02899	9248.6104
642.51208	9225.6475
642.99518	9230.7588
643.47827	9225.209
643.96136	9203.415
644.44446	9321.167
644.92755	9381.7588
645.41064	9328.4902
645.89374	9349.5869
646.37683	9362.6436
646.85992	9371.0361
647.34302	9449.7158
647.82611	9405.627
648.3092	9354.0537
648.7923	9293.9678
649.27539	9271.0527
649.75848	9378.8477
650.24152	9314.8984
650.72461	9303.2568
651.2077	9288.4199
651.6908	9292.4941
652.17389	9196.2578
652.65698	9212.1523
653.14008	9134.4844
653.62317	9206.501
654.10626	9198.9189
654.58936	9143.7939
655.07245	9088.0449
655.55554	9057.0439
656.03864	9040.7295
656.52173	8983.9932
657.00482	9002.6592
657.48792	8978.3906
657.97101	8949.6514
658.4541	8962.9326
658.93719	8900.3584
659.42029	8851.0342
659.90338	8862.8945
660.38647	8816.7109
660.86957	8714.3311
661.35266	8676.4541
661.83575	8706.0859
662.31885	8691.9219
662.80194	8662.8525
663.28503	8620.0166
663.76813	8614.4785
664.25122	8616.4844
664.73431	8577.4609
665.21741	8578.1045
665.7005	8529.4678
666.18359	8450.0879
666.66669	8425.2129
667.14978	8446.7783
667.63287	8449.165
668.11597	8416.0498
668.59906	8428.5889
669.08215	8438.0801
669.56525	8412.1348
670.04828	8369.9404
670.53137	8330.2383
671.01447	8313.9209
671.49756	8358.5273
671.98065	8375.1064
672.46375	8353.6016
672.94684	8339.3008
673.42993	8334.8799
673.91302	8355.8174
674.39612	8364.8291
674.87921	8351.123
675.3623	8325.2217
675.8454	8320.6064
676.32849	8361.5732
676.81158	8378.1211
677.29468	8366.127
677.77777	8348.3135
678.26086	8390.2744
678.74396	8420.4199
679.22705	8422.5088
679.71014	8473.4219
680.19324	8458.168
680.67633	8424.8184
681.15942	8388.1611
681.64252	8380.2422
682.12561	8412.8105
682.6087	8436.8711
683.0918	8470.3789
683.57489	8519.6992
684.05798	8536.9102
684.54108	8530.7754
685.02417	8509.542
685.50726	8503.5361
685.99036	8573.9521
686.47345	8639.3779
686.95654	8683.0967
687.43964	8716.3809
687.92273	8709.626
688.40582	8759.6787
688.88892	8756.9092
689.37201	8759.7588
689.8551	8796.1865
690.33813	8869.625
690.82123	8889.4111
691.30432	8899.6133
691.78741	8943.7842
692.27051	8985.6729
692.7536	9012.5332
693.23669	9056.2773
693.71979	9113.0156
694.20288	9153.1934
694.68597	9182.4287
695.16907	9246.7363
695.65216	9268.0547
696.13525	9284.1289
696.61835	9374.1484
697.10144	9443.7148
697.58453	9443.2158
698.06763	9433.752
698.55072	9515.9824
699.03381	9603.9971
699.51691	9633.9277
700	9679.9258
700.48309	9650.5811
700.96619	9709.4727
701.44928	9820.0967
701.93237	9855.2051
702.41547	9897.9219
702.89856	9931.4424
703.38165	10003.616
703.86475	10000.194
704.34784	10020.832
704.83093	10105.024
705.31403	10110.881
705.79712	10155.296
706.28021	10174.278
706.76331	10207.516
707.2464	10330.573
707.72949	10297.107
708.21259	10377.261
708.69568	10417.975
709.17877	10421.567
709.66187	10406.276
710.1449	10424.77
710.62799	10480.016
711.11108	10512.719
711.59418	10532.947
712.07727	10573.255
712.56036	10593.341
713.04346	10602.875
713.52655	10626.354
714.00964	10627.339
714.49274	10628.642
714.97583	10632.793
715.45892	10682.3
715.94202	10718.981
716.42511	10727.282
716.9082	10749.414
717.3913	10658.939
717.87439	10624.858
718.35748	10719.664
718.84058	10761.896
719.32367	10752.926
719.80676	10822.279
720.28986	10864.543
720.77295	10852.574
721.25604	10888.158
721.73914	10894.26
722.22223	10867.74
722.70532	10913.158
723.18842	10936.137
723.67151	10964.61
724.1546	11043.403
724.6377	11094.361
725.12079	11033.224
725.60388	11070.467
726.08698	11146.441
726.57007	11152.104
727.05316	11195.186
727.53625	11207.81
728.01935	11243.413
728.50244	11291.73
728.98553	11313.579
729.46863	11340.177
729.95172	11377.659
730.43475	11406.603
730.91785	11420.718
731.40094	11495.72
731.88403	11549.212
732.36713	11523.096
732.85022	11528.088
733.33331	11594.128
733.81641	11651.033
734.2995	11679.975
734.78259	11758.112
735.26569	11791.417
735.74878	11803.173
736.23187	11836.83
736.71497	11840.796
737.19806	11849.438
737.68115	11928.662
738.16425	11986.64
738.64734	11943.72
739.13043	11987.887
739.61353	12024.289
740.09662	11957.99
740.57971	12018.897
741.06281	12057.754
741.5459	12086.382
742.02899	12131.371
742.51208	12085.815
742.99518	12109.484
743.47827	12146.204
743.96136	12138.115
744.44446	12132.965
744.92755	12183.415
745.41064	12232.9
745.89374	12222.517
746.37683	12109.809
746.85992	12194.813
747.34302	12207.425
747.82611	12278.385
748.3092	12251.632
748.7923	12234.419
749.27539	12263.955
749.75848	12276.956
750.24152	12376.98
750.72461	12381.807
751.2077	12332.845
751.6908	12304.937
752.17389	12285.168
752.65698	12329.228
753.14008	12367.85
753.62317	12343.194
754.10626	12430.303
754.58936	12430.181
755.07245	12475.492
755.55554	12434.754
756.03864	12564.136
756.52173	12524.373
757.00482	12510.212
757.48792	12550.166
757.97101	12551.625
758.4541	12577.289
758.93719	12563.675
759.42029	12678.297
759.90338	12691.551
760.38647	12756.784
760.86957	12792.512
761.35266	12888.096
761.83575	12974.396
762.31885	12925.148
762.80194	12996.023
763.28503	13069.533
763.76813	13082.583
764.25122	13137.396
764.73431	13160.607
765.21741	13310.109
765.7005	13342.609
766.18359	13330.639
766.66669	13416.27
767.14978	13415.83
767.63287	13559.005
768.11597	13666.15
768.59906	13670.716
769.08215	13712.994
769.56525	13907.859
770.04828	13802.923
770.53137	13908.943
771.01447	13862.84
771.49756	14089.165
771.98065	14103.666
772.46375	14154.871
772.94684	14132.712
773.42993	14186.842
773.91302	14307.804
774.39612	14341.821
774.87921	14442.559
775.3623	14428.447
775.8454	14511.111
776.32849	14509.588
776.81158	14479.031
777.29468	14602.47
777.77777	14581.831
778.26086	14628.528
778.74396	14654.313
779.22705	14668.408
779.71014	14679.082
780.19324	14632.74
780.67633	14770.7
781.15942	14834.047
781.64252	14850.259
782.12561	14822.529
782.6087	14781.117
783.0918	14913.772
783.57489	14895.468
784.05798	14852.262
784.54108	14884.549
785.02417	14954.454
785.50726	14970.675
785.99036	14927.585
786.47345	14944.237
786.95654	15009.204
787.43964	15032.012
787.92273	15040.237
788.40582	15129.511
788.88892	15203.396
789.37201	15174.148
789.8551	15216.171
790.33813	15210.794
790.82123	15234.209
791.30432	15282.611
791.78741	15264.582
792.27051	15311.039
792.7536	15340.591
793.23669	15313.374
793.71979	15360.177
794.20288	15392.553
794.68597	15385.301
795.16907	15403.217
795.65216	15497.75
796.13525	15518.812
796.61835	15521.035
797.10144	15513.044
797.58453	15495.426
798.06763	15560.649
798.55072	15610.849
799.03381	15530.344
799.51691	15636.936
800	15635.49
800.48309	15594.82
800.96619	15687.408
801.44928	15703.504
801.93237	15622.236
802.41547	15783.769
802.89856	15804.154
803.38165	15781.902
803.86475	15810.607
804.34784	15676.079
804.83093	15856.328
805.31403	15973.289
805.79712	15847.589
806.28021	15886.565
806.76331	15834.012
807.2464	15944.083
807.72949	15969.39
808.21259	16029.991
808.69568	16014.646
809.17877	15945.999
809.66187	16120.048
810.1449	15936.504
810.62799	16067.474
811.11108	16089.117
811.59418	16148.769
812.07727	16149.234
812.56036	16216.602
813.04346	16250.881
813.52655	16227.584
814.00964	16254.26
814.49274	16263.595
814.97583	16344.775
815.45892	16403.816
815.94202	16346.181
816.42511	16396.553
816.9082	16433.818
817.3913	16537.035
817.87439	16494.441
818.35748	16482.375
818.84058	16590.164
819.32367	16679.494
819.80676	16705.109
820.28986	16737.227
820.77295	16780.145
821.25604	16869.83
821.73914	16906.723
822.22223	16938.746
822.70532	17001.334
823.18842	17057.127
823.67151	16995.285
824.1546	17137.828
824.6377	17368.852
825.12079	17359.67
825.60388	17308.014
826.08698	17391.555
826.57007	17502.463
827.05316	17644.668
827.53625	17778.607
828.01935	17758.676
828.50244	17842.186
828.98553	17897.459
829.46863	17997.996
829.95172	18005.113
830.43475	18185.459
830.91785	18103.379
831.40094	18178.582
831.88403	18121.369
832.36713	18382.256
832.85022	18324.119
833.33331	18371.938
833.81641	18521.002
834.2995	18507.445
834.78259	18600.395
835.26569	18628.4
835.74878	18682.451
836.23187	18790.26
836.71497	18787.051
837.19806	18744.793
837.68115	18875.789
838.16425	18833.967
838.64734	18835.346
839.13043	18853.689
839.61353	18893.896
840.09662	18820.412
840.57971	18866.486
841.06281	18877.309
841.5459	18857.225
842.02899	18887.971
842.51208	18883.105
842.99518	18890.254
843.47827	18906.287
843.96136	18881.227
844.44446	18839.055
844.92755	18857.922
845.41064	18838.016
845.89374	18853.961
846.37683	18791.902
846.85992	18728.73
847.34302	18742.801
847.82611	18712.295
848.3092	18624.129
848.7923	18540.391
849.27539	18538.314
849.75848	18433.424
850.24152	18397.527
850.72461	18231.418
851.2077	18388.398
851.6908	18332.4
852.17389	18203.957
852.65698	18125.381
853.14008	17986.064
853.62317	17986.205
854.10626	17836.615
854.58936	17762.953
855.07245	17712.963
855.55554	17687.033
856.03864	17571.982
856.52173	17578.98
857.00482	17411.545
857.48792	17251.383
857.97101	17270.273
858.4541	17213.033
858.93719	17061.539
859.42029	17016.631
859.90338	16977.711
860.38647	16802.676
860.86957	16644.916
861.35266	16650.785
861.83575	16657.939
862.31885	16586.93
862.80194	16496.85
863.28503	16470.717
863.76813	16362.496
864.25122	16285.259
864.73431	16236.45
865.21741	16163.342
865.7005	16219.055
866.18359	16200.326
866.66669	16122.467
867.14978	15979.033
867.63287	15946.728
868.11597	15901.962
868.59906	15960.032
869.08215	15889.483
869.56525	15755.774
870.04828	15670.363
870.53137	15570.4
871.01447	15628.617
871.49756	15595.059
871.98065	15536.308
872.46375	15568.594
872.94684	15497.582
873.42993	15444.37
873.91302	15360.639
874.39612	15328.381
874.87921	15415.873
875.3623	15374.749
875.8454	15316.095
876.32849	15231.946
876.81158	15240.464
877.29468	15196.305
877.77777	15205.488
878.26086	15119.833
878.74396	15003.675
879.22705	15075.191
879.71014	15101.614
880.19324	15043.976
880.67633	14974.565
881.15942	14928.141
881.64252	14873.499
882.12561	14840.613
882.6087	14874.105
883.0918	14887.234
883.57489	14888.973
884.05798	14808.931
884.54108	14788.241
885.02417	14739.825
885.50726	14715.567
885.99036	14715.322
886.47345	14690.288
886.95654	14609.741
887.43964	14610.22
887.92273	14612.276
888.40582	14548.014
888.88892	14447.287
889.37201	14610.085
889.8551	14500.204
890.33813	14484.019
890.82123	14482.734
891.30432	14394.604
891.78741	14361.694
892.27051	14359.941
892.7536	14401.783
893.23669	14313.486
893.71979	14366.857
894.20288	14348.504
894.68597	14295.431
895.16907	14293.259
895.65216	14186.564
896.13525	14218.907
896.61835	14175.602
897.10144	14128.83
897.58453	14102.438
898.06763	14112.685
898.55072	14103.323
899.03381	14121.438
899.51691	14098.12
900	14056.521
900.48309	13947.038
900.96619	13914.795
901.44928	13880.128
901.93237	13889.554
902.41547	13862.385
902.89856	13923.64
903.38165	13821.971
903.86475	13846.785
904.34784	13779.34
904.83093	13800.219
905.31403	13747.243
905.79712	13800.978
906.28021	13784.812
906.76331	13734.287
907.2464	13831.379
907.72949	13736.349
908.21259	13796.129
908.69568	13700.509
909.17877	13679.139
909.66187	13592.758
910.1449	13537.356
910.62799	13526.466
911.11108	13558.07
911.59418	13516.258
912.07727	13544.357
912.56036	13532.027
913.04346	13461.622
913.52655	13406.278
914.00964	13414.984
914.49274	13389.678
914.97583	13341.181
915.45892	13335.745
915.94202	13314.168
916.42511	13289.537
916.9082	13286.139
917.3913	13294.823
917.87439	13226.454
918.35748	13188.205
918.84058	13174.594
919.32367	13156.787
919.80676	13186.163
920.28986	13222.438
920.77295	13153.408
921.25604	13124.309
921.73914	13100.449
922.22223	13067.352
922.70532	12929.066
923.18842	13015.907
923.67151	12983.915
924.1546	12960.908
924.6377	12870.759
925.12079	12854.593
925.60388	12871.819
926.08698	12882.33
926.57007	12844.688
927.05316	12765.515
927.53625	12738.499
928.01935	12746.69
928.50244	12772.543
928.98553	12742.07
929.46863	12697.249
929.95172	12691.751
930.43475	12612.633
930.91785	12626.435
931.40094	12634.282
931.88403	12566.244
932.36713	12506.218
932.85022	12510.973
933.33331	12540.71
933.81641	12362.12
934.2995	12499.248
934.78259	12429.462
935.26569	12350.987
935.74878	12340.885
936.23187	12393.249
936.71497	12256.591
937.19806	12249.74
937.68115	12243.698
938.16425	12253.593
938.64734	12208.047
939.13043	12167.724
939.61353	12136.073
940.09662	12135.527
940.57971	12171.224
941.06281	12090.995
941.5459	12030.381
942.02899	12036.209
942.51208	11954.466
942.99518	11865.61
943.47827	11865.802
943.96136	11887.703
944.44446	11810.994
944.92755	11742.069
945.41064	11742.864
945.89374	11727.235
946.37683	11642.404
946.85992	11711.625
947.34302	11586.88
947.82611	11554.196
948.3092	11578.688
948.7923	11519.324
949.27539	11434.616
949.75848	11459.141
950.24152	11485.324
950.72461	11371.904
951.2077	11399.356
951.6908	11297.141
952.17389	11220.01
952.65698	11251.869
953.14008	11214.432
953.62317	11183.228
954.10626	11102.401
954.58936	11021.412
955.07245	11088.7
955.55554	11005.661
956.03864	11004.459
956.52173	10900.084
957.00482	10831.131
957.48792	10857.38
957.97101	10770.616
958.4541	10761.812
958.93719	10705.659
959.42029	10641.706
959.90338	10632.33
960.38647	10588.361
960.86957	10521.248
961.35266	10451.139
961.83575	10436.444
962.31885	10431.349
962.80194	10381.654
963.28503	10353.911
963.76813	10270.517
964.25122	10214.431
964.73431	10173.229
965.21741	10157.385
965.7005	10136.643
966.18359	10041.628
966.66669	10047.092
967.14978	9979.6475
967.63287	9932.5527
968.11597	9891.9063
968.59906	9823.2998
969.08215	9793.4551
969.56525	9793.251
970.04828	9680.2285
970.53137	9619.4395
971.01447	9625.8682
971.49756	9560.1709
971.98065	9508.3223
972.46375	9440.21
972.94684	9408.4482
973.42993	9388.4229
973.91302	9323.6465
974.39612	9312.959
974.87921	9275.1572
975.3623	9174.8711
975.8454	9125.4902
976.32849	9076.9629
976.81158	9050.2441
977.29468	9011.0977
977.77777	8929.3291
978.26086	8883.3545
978.74396	8855.1445
979.22705	8842.5273
979.71014	8796.5703
980.19324	8727.7148
980.67633	8658.6768
981.15942	8683.5605
981.64252	8611.7168
982.12561	8540.6855
982.6087	8468.876
983.0918	8487.5928
983.57489	8455.2217
984.05798	8388.0439
984.54108	8341.4023
985.02417	8323.4619
985.50726	8259.8037
985.99036	8232.918
986.47345	8199.5596
986.95654	8151.3311
987.43964	8106.7939
987.92273	8080.5732
988.40582	8059.4268
988.88892	8044.4878
989.37201	7959.9912
989.8551	7917.3687
990.33813	7893.5132
990.82123	7841.041
991.30432	7799.5322
991.78741	7745.144
992.27051	7725.7095
992.7536	7664.5552
993.23669	7656.3413
993.71979	7633.7861
994.20288	7555.2188
994.68597	7507.7246
995.16907	7492.2446
995.65216	7457.4771
996.13525	7410.4146
996.61835	7344.8042
997.10144	7319.8447
997.58453	7279.1191
998.06763	7281.4702
998.55072	7251.52
999.03381	7217.1655
999.51691	7225.4058
1000	7170.2358
1000.4831	7112.1377
1000.9662	7079.8462
1001.4493	7043.7544
1001.9324	7026.7471
1002.4155	6979.5151
1002.8986	6960.1343
1003.3817	6880.0483
1003.8647	6894.0991
1004.3478	6800.7227
1004.8309	6822.1318
1005.314	6800.4282
1005.7971	6794.5972
1006.2802	6743.2715
1006.7633	6725.3389
1007.2464	6632.6167
1007.7295	6623.6465
1008.2126	6592.8994
1008.6957	6580.7505
1009.1788	6536.042
1009.6619	6486.2896
1010.1449	6448.8354
1010.628	6419.5957
1011.1111	6416.8892
1011.5942	6368.7412
1012.0773	6321.3296
1012.5604	6301.6367
1013.0435	6317.7529
1013.5266	6260.8135
1014.0096	6200.6045
1014.4927	6148.9951
1014.9758	6190.6504
1015.4589	6170.8159
1015.942	6128.8447
1016.4251	6065.0835
1016.9082	6050.5659
1017.3913	6014.0659
1017.8744	5957.731
1018.3575	5990.0796
1018.8406	5957.1094
1019.3237	5923.2471
1019.8068	5909.2842
1020.2899	5858.8252
1020.7729	5813.9985
1021.256	5818.0386
1021.7391	5807.2793
1022.2222	5761.9912
1022.7053	5741.5859
1023.1884	5698.6553
1023.6715	5639.3608
1024.1545	5636.0547
1024.6377	5613.2949
1025.1207	5583.7227
1025.6039	5537.7632
1026.0869	5549.6279
1026.5701	5510.3247
1027.0531	5510.1045
1027.5363	5478.5337
1028.0193	5435.8218
1028.5024	5378.8965
1028.9855	5368.4951
1029.4686	5364.5703
1029.9517	5324.313
1030.4348	5288.3296
1030.9178	5265.0801
1031.401	5252.6753
1031.884	5211.7158
1032.3672	5178.918
1032.8502	5173.1719
1033.3334	5140.9019
1033.8164	5118.0625
1034.2996	5085.8726
1034.7826	5051.9326
1035.2657	5002.0239
1035.7488	4992.0273
1036.2319	4999.1074
1036.715	4958.8208
1037.1981	4993.6499
1037.6812	4932.0493
1038.1643	4872.8691
1038.6473	4838.1826
1039.1305	4863.375
1039.6135	4819.1255
1040.0966	4791.7798
1040.5797	4772.124
1041.0627	4755.2119
1041.5459	4749.502
1042.0289	4684.771
1042.5121	4643.8301
1042.9951	4621.6855
1043.4783	4623.019
1043.9613	4604.29
1044.4445	4588.0493
1044.9275	4565.3535
1045.4106	4538.3232
1045.8937	4474.9063
1046.3768	4446.3652
1046.8599	4449.9463
1047.343	4404.4697
1047.826	4422.9355
1048.3092	4374.9282
1048.7922	4390.1992
1049.2754	4355.6177
1049.7584	4314.104
1050.2416	4300.8892
1050.7246	4247.3037
1051.2078	4257.0664
1051.6908	4243.7642
1052.174	4205.3813
1052.657	4190.1216
1053.1401	4161.2383
1053.6232	4130.8862
1054.1063	4106.6699
1054.5894	4121.4575
1055.0725	4107.7988
1055.5555	4084.7583
1056.0387	4039.7004
1056.5217	4005.0579
1057.0049	3973.5256
1057.4879	3982.2791
1057.9711	3969.3564
1058.4541	3918.5601
1058.9373	3861.6252
1059.4203	3885.8137
1059.9034	3871.2935
1060.3865	3847.2998
1060.8695	3830.165
1061.3527	3792.0208
1061.8357	3778.5071
1062.3188	3759.4944
1062.8019	3735.3228
1063.285	3736.4883
1063.7681	3741.8386
1064.2512	3687.3337
1064.7343	3691.0044
1065.2174	3671.0559
1065.7004	3607.7419
1066.1836	3598.6912
1066.6666	3558.2107
1067.1498	3576.6653
1067.6328	3562.6736
1068.116	3535.9019
1068.599	3535.2661
1069.0822	3492.0112
1069.5652	3491.9678
1070.0483	3462.623
1070.5314	3456.1714
1071.0145	3424.178
1071.4976	3412.626
1071.9807	3398.8074
1072.4637	3369.0627
1072.9469	3336.5935
1073.4299	3321.4734
1073.9131	3288.5779
1074.3961	3269.8567
1074.8793	3267.4812
1075.3623	3277.7571
1075.8455	3263.5293
1076.3285	3199.5964
1076.8116	3176.3105
1077.2947	3197.5513
1077.7778	3144.2109
1078.2609	3140.1489
1078.744	3140.5059
1079.2271	3107.489
1079.7102	3096.2876
1080.1932	3099.9355
1080.6763	3076.6382
1081.1594	3047.4937
1081.6425	3048.0305
1082.1256	3052.7422
1082.6086	3024.9761
1083.0918	3039.1194
1083.5748	3016.6248
1084.058	2940.957
1084.541	2988.3044
1085.0242	2961.0361
1085.5072	2928.1714
1085.9904	2927.9036
1086.4734	2911.6228
1086.9565	2906.0071
1087.4396	2886.8469
1087.9227	2880.499
1088.4058	2851.3782
1088.8889	2821.687
1089.3719	2802.1628
1089.8551	2785.2
1090.3381	2795.4788
1090.8213	2802.4102
1091.3043	2771.1599
1091.7875	2778.4609
1092.2705	2774.7012
1092.7537	2757.3777
1093.2367	2722.3516
1093.7198	2750.0532
1094.2029	2761.6387
1094.686	2748.4741
1095.1691	2716.8813
1095.6522	2681.6892
1096.1353	2674.2178
1096.6184	2661.2207
1097.1014	2618.6379
1097.5846	2599.689
1098.0676	2605.8452
1098.5508	2635.2612
1099.0338	2617.8313
1099.517	2593.1067
1100	2588.1824
1100.483	2561.8076
1100.9662	2536.4111
1101.4492	2589.7063
1101.9324	2562.6643
1102.4154	2573.0068
1102.8986	2514.5547
1103.3816	2526.429
1103.8647	2510.2983
1104.3478	2497.1389
1104.8309	2474.5762
1105.314	2469.6138
1105.7971	2446.7537
1106.2802	2428.7908
1106.7633	2424.782
1107.2463	2452.7256
1107.7295	2464.186
1108.2125	2426.7515
1108.6957	2419.1768
1109.1787	2404.5205
1109.6619	2397.7048
1110.1449	2381.1064
1110.6281	2374.7908
1111.1111	2377.7839
1111.5942	2377.8914
1112.0773	2363.4341
1112.5604	2334.2561
1113.0435	2323.3337
1113.5266	2316.2085
1114.0096	2310.1958
1114.4928	2298.9319
1114.9758	2301.1262
1115.459	2302.311
1115.942	2242.1018
1116.4252	2249.5662
1116.9082	2275.0962
1117.3914	2268.7739
1117.8744	2266.6309
1118.3575	2239.4622
1118.8406	2224.3049
1119.3237	2194.4802
1119.8068	2182.7183
1120.2898	2159.1895
1120.7729	2203.9133
1121.256	2194.0015
1121.7391	2195.7515
1122.2222	2173.9922
1122.7053	2179.8945
1123.1884	2181.1714
1123.6715	2154.4231
1124.1545	2119.9275
1124.6377	2133.6279
1125.1207	2115.5547
1125.6039	2134.0562
1126.0869	2126.9724
1126.5701	2088.6438
1127.0531	2127.3699
1127.5363	2103.3887
1128.0193	2096.3733
1128.5024	2090.5171
1128.9855	2071.7749
1129.4686	2052.5796
1129.9517	2056.1575
1130.4348	2036.1938
1130.9178	2038.7504
1131.401	2028.9402
1131.884	2013.6954
1132.3672	2013.0782
1132.8502	1982.1846
1133.3334	2003.2904
1133.8164	2024.1521
1134.2996	1985.2135
1134.7826	1978.9393
1135.2657	2018.0017
1135.7488	2001.7562
1136.2319	1955.2789
1136.715	1959.4442
1137.1981	1942.8655
1137.6812	1937.8887
1138.1643	1944.0695
1138.6473	1949.6831
1139.1305	1943.2782
1139.6135	1919.9716
1140.0966	1919.8519
1140.5797	1898.2577
1141.0627	1858.0945
1141.5459	1867.8812
1142.0289	1857.6134
1142.5121	1887.731
1142.9951	1862.9706
1143.4783	1846.5544
1143.9613	1838.0476
1144.4445	1854.0739
1144.9275	1858.933
1145.4106	1832.0601
1145.8937	1821.5643
1146.3768	1818.707
1146.8599	1818.4908
1147.343	1837.6588
1147.826	1820.962
1148.3092	1822.8624
1148.7922	1811.1548
1149.2754	1786.1301
1149.7584	1795.387
1150.2416	1780.468
1150.7246	1788.7788
1151.2078	1757.8207
1151.6908	1792.7289
1152.174	1770.1373
1152.657	1740.829
1153.1401	1724.3408
1153.6232	1739.3049
1154.1063	1752.5375
1154.5894	1732.1519
1155.0725	1703.811
1155.5555	1693.7753
1156.0387	1705.9382
1156.5217	1711.219
1157.0049	1719.924
1157.4879	1702.2446
1157.9711	1691.0457
1158.4541	1688.8767
1158.9373	1683.4425
1159.4203	1676.6674
1159.9034	1654.0885
1160.3865	1638.4233
1160.8695	1644.1265
1161.3527	1662.6633
1161.8357	1651.3624
1162.3188	1637.9063
1162.8019	1631.2439
1163.285	1639.0354
1163.7681	1626.3413
1164.2512	1627.851
1164.7343	1616.9479
1165.2174	1550.7083
1165.7004	1581.4756
1166.1836	1581.014
1166.6666	1597.5216
1167.1498	1599.1089
1167.6328	1598.0299
1168.116	1553.0022
1168.599	1569.6202
1169.0822	1567.6447
1169.5652	1547.1755
1170.0483	1553.8832
1170.5314	1552.0189
1171.0145	1545.0311
1171.4976	1544.5205
1171.9807	1545.5397
1172.4637	1541.9139
1172.9469	1507.7584
1173.4299	1516.8439
1173.9131	1511.6086
1174.3961	1495.3771
1174.8793	1503.1578
1175.3623	1532.6967
1175.8455	1508.1617
1176.3285	1479.5609
1176.8116	1516.8923
1177.2947	1521.6471
1177.7778	1500.592
1178.2609	1479.1013
1178.744	1460.3199
1179.2271	1466.2677
1179.7102	1465.386
1180.1932	1440.6663
1180.6763	1417.3572
1181.1594	1426.4432
1181.6425	1443.6715
1182.1256	1433.4052
1182.6086	1413.6626
1183.0918	1395.4552
1183.5748	1431.6937
1184.058	1437.1862
1184.541	1451.7681
1185.0242	1418.5157
1185.5072	1427.0586
1185.9904	1419.863
1186.4734	1393.1013
1186.9565	1404.0272
1187.4396	1403.1376
1187.9227	1385.1602
1188.4058	1396.277
1188.8889	1416.1754
1189.3719	1403.5243
1189.8551	1394.0496
1190.3381	1391.5203
1190.8213	1394.0112
1191.3043	1379.9608
1191.7875	1392.0957
1192.2705	1376.8008
1192.7537	1368.3573
1193.2367	1364.3019
1193.7198	1357.192
1194.2029	1349.4402
1194.686	1334.2158
1195.1691	1330.5846
1195.6522	1346.3455
1196.1353	1330.8821
1196.6184	1336.8239
1197.1014	1320.2351
1197.5846	1325.1854
1198.0676	1324.7574
1198.5508	1335.526
1199.0338	1340.2769
1199.517	1318.7241
1200	1320.088
